compute_time_jax_32_MD <- 0.6890006065368652

sample_jax_32_MD <- matrix(c(0.008081272, 0.041656394, -0.055617154, 0.050023988, 0.11121706, -0.028333802, 0.09343871, 0.12536672, -0.013308498, 0.09022772, 0.11017371, -0.007419942, 0.053226996, 0.077105686, -0.03181904, 0.081412114, 0.18424648, -0.07180231, 0.032691896, -0.004243806, 0.006144166, 0.03429481, 0.042238466, -0.027037159, -0.018281713, -0.0135340355, -0.022377359, 3.70387e-05, 0.020715062, -0.0027858038), ncol=3)

bvals_jax_32_MD <- c(2.5174422, 2.5539517, 2.6379857, 2.6564052, 2.6508083, 2.5141354, 2.559163, 2.5623145, 2.575709, 2.573484)

