compute_time_jax_32_MD <- 0.6447086334228516
sample_jax_32_MD <- matrix(c(0.00808127224445343, 0.04165639355778694, -0.05561715364456177, 
  0.050023987889289856, 0.11121705919504166, -0.02833380177617073, 
  0.09343870729207993, 0.1253667175769806, -0.013308498077094555, 
  0.09022772312164307, 0.11017370969057083, -0.007419941946864128, 
  0.05322699621319771, 0.07710568606853485, -0.031819041818380356, 
  0.08141211420297623, 0.1842464804649353, -0.07180231064558029, 
  0.032691895961761475, -0.004243806004524231, 0.006144165992736816, 
  0.03429481014609337, 0.04223846644163132, -0.027037158608436584, 
  -0.018281713128089905, -0.01353403553366661, -0.022377358749508858, 
  3.703869879245758e-05, 0.02071506157517433, -0.0027858037501573563, 
  ncol=3))