88.76655,-7.8622003,1.30425,-12.471772,7.248625,7.777112,-4.5520825,2.2288625,0.36583582,-14.401135,0.58665174,-19.807375,4.661202,-1.6580726,-3.710313,-7.6172442,-0.23398621,1.5991427,-11.64359,9.246222,8.155412,-5.72846,-2.6661496,-1.2612646,1.7006179,-22.489933,-5.3037663,-18.134731,9.360524,7.6647115,-14.890304,12.546334,2.6253066,2.4347272,15.103406,-3.1438408,-10.922169,3.3508685,11.274856,-4.0213895,3.7667582,1.3674377,19.69745,2.6210155,-11.747663,5.559755,-11.993099,-10.429174,-9.1704855,-3.2194939,-0.4890149,-7.6812143,-8.609154,3.9608169,3.555552,9.284472,12.637806,5.2611413,6.032802,-11.069841,5.471077,-8.949259,-10.531509,4.064912,6.682035,-9.45568,-6.64316,-9.191834,2.7059114,15.644919,-15.674672,1.7914933,3.462737,16.531559,-4.1643147,-9.068592,21.387554,5.5452294,4.144911,8.79383,9.2045765,-0.09050485,-10.1583805,19.37134,7.3358564,9.597231,-25.368397,6.9627056,-12.166614,-2.642973,1.3015671,-21.959936,3.281502,1.1311119,2.2199106,3.2925622,3.3206515,19.63686,-6.03354,8.577456
-7.8622003,120.4589,18.271498,21.900621,0.63159674,0.11604336,10.756858,-9.959003,3.3421323,26.694366,6.485389,-16.578886,-24.472239,3.9335203,1.843113,-13.553127,10.372518,3.4878547,19.896494,9.417144,-8.461708,8.675795,4.477632,-3.3393378,0.22774908,10.625803,-7.7111025,13.658502,5.7157683,-3.0074515,-4.149724,-5.2191653,-7.23953,7.209854,-4.192642,16.031187,3.5164802,9.012357,-0.9358061,-5.74557,1.1733737,-4.0703773,5.986152,21.471958,11.510334,-3.075768,-7.1952224,13.687784,25.290604,-4.0274935,-19.77523,0.088632,0.15468763,-12.733915,1.1173408,8.814236,-5.813358,0.61918133,7.680757,-6.8422475,-8.439054,-9.55947,-15.275406,-3.363721,20.017323,11.685617,13.53055,-8.604081,-5.0689263,-15.948036,-5.1098003,-6.9407444,18.535477,7.221753,29.959925,12.141765,-31.238474,0.43038127,-4.8778477,-15.389416,-5.359081,-6.3869495,0.95337844,-11.361329,16.517664,3.824456,11.244977,0.39415944,-11.411967,4.5810213,12.921752,-0.71193284,-1.7295525,-14.934349,11.256124,8.580349,7.2875896,4.537945,0.10251427,-14.05739
1.30425,18.271498,115.57002,-12.688328,11.826511,7.390182,-17.379736,-7.042195,7.3433037,-2.308327,0.4028022,13.313267,-2.5640237,-5.964354,-19.69965,-6.4898524,0.7559494,-0.34938687,-0.21039064,-7.2565446,-12.112051,6.7784696,12.146328,1.2280937,16.43153,-8.798092,-2.141105,-5.4868746,15.185282,-15.073893,6.2908874,4.7257876,-14.562678,-12.143259,2.5381656,-4.8157883,-11.002714,-6.321009,-4.215827,11.4697275,-0.007970205,-0.5242709,2.9824727,-10.93614,7.7454505,11.806707,-8.199615,-4.675569,7.069297,12.430864,-6.9502854,20.237858,-7.440886,-0.4689306,0.72715235,3.127379,1.7057372,-12.57578,-9.443123,6.1158834,7.4249477,33.415108,6.9450326,-4.4629955,25.123009,9.111248,2.584089,-16.06137,6.563854,-1.2667654,22.007944,-1.0913795,-2.8859646,6.176457,2.960039,-2.6208446,13.195235,9.622859,10.561968,-9.212928,0.5191887,-10.15686,-19.552198,-9.283173,-7.859365,4.053745,4.0238495,-24.774704,-2.1984181,0.14094539,2.0518594,1.3756063,-6.3609066,18.404572,-9.099575,-15.510347,4.2959476,16.305128,-16.524174,-4.86052
-12.471772,21.900621,-12.688328,132.44473,-11.636907,-6.051179,0.11321852,1.3549889,7.3409424,10.124714,1.2268252,-1.7324023,4.5423007,-0.41519603,0.7475176,6.6490946,19.54053,14.630674,6.740519,-1.952535,-3.9389458,4.9324093,-9.157706,5.4741178,0.08829553,10.407082,-21.213089,0.069872364,-15.665042,3.5284138,-21.96572,-15.514161,7.8579903,0.06835167,14.850972,3.0162542,-18.371298,-19.720308,-1.2205793,-0.56671304,13.445107,3.3483248,-3.0445223,9.553727,-11.101269,-15.952126,-15.246949,0.49859473,-4.8072095,8.029484,8.528647,10.371217,1.6753371,-4.807438,-12.068059,-4.883011,-9.274027,4.216205,-2.6274352,7.0330305,-6.0158253,-17.254162,-20.380875,-1.503384,3.807368,-1.8542343,-1.8264685,-12.399707,1.4655484,3.692777,-9.153187,-3.1293926,-13.522941,-30.433733,14.639258,18.742393,-3.0681648,21.230984,-0.52261317,-15.595297,6.7657237,11.468049,12.164424,5.401872,-10.980879,-14.46521,-8.122566,12.314961,12.526773,-10.451298,-7.2020807,5.6215386,15.637137,-30.241163,11.058663,3.4477112,8.78578,-17.807692,3.8977768,-1.6822212
7.248625,0.63159674,11.826511,-11.636907,127.53399,12.563887,-14.225304,-5.60742,-7.6955867,5.8235555,-15.8480625,8.507467,-12.930281,-11.115162,7.1254163,-17.640093,16.495502,8.43979,6.94486,7.061047,-4.117278,-20.2026,14.565604,7.785056,0.33309886,-14.400584,2.1081755,-0.26461247,10.374829,-0.80562633,-1.291679,-1.3108441,-28.737675,-8.006658,-10.827281,-18.244785,1.7568969,1.2524943,-12.335353,-16.675198,6.6005754,-17.271639,-11.578158,-5.192335,10.909956,24.174791,15.597075,-3.454617,-0.46630087,-3.9202485,5.9533205,-3.2280324,-26.891636,14.532691,-10.65775,-3.2899718,-7.005193,-5.8860683,-0.311107,23.952255,-0.30288103,22.965801,-18.126118,-7.371071,9.132297,8.637312,9.290258,-19.653425,-5.845518,-6.469042,4.2645597,-0.49618214,2.7714238,-4.6805205,-1.0186625,-15.050855,4.7932234,35.7001,4.3994665,17.720188,9.53087,3.260205,2.6750605,-13.474783,17.025278,1.1449267,2.1072495,29.04198,14.260011,-6.2697635,-10.340367,22.829546,-23.356768,-6.082948,-7.1858573,12.300827,-6.2838917,-2.2974126,9.263003,-3.4299722
7.777112,0.11604336,7.390182,-6.051179,12.563887,111.07938,-4.536432,-0.5968131,21.009008,-1.0376447,-7.4533257,23.636866,-7.860016,10.813409,-4.4086103,-5.3626003,-11.486083,5.241503,-10.7454815,6.0633793,-7.1100693,-14.533505,-4.3240924,-13.355914,7.844929,-6.2319775,16.30031,-7.4822993,1.4839276,-19.716417,6.1867437,7.101771,-9.740369,-24.966272,-1.587902,5.5728064,8.218718,17.175112,-13.493711,12.555752,17.680939,-13.107814,-0.28334752,-10.663208,37.90058,-20.199297,7.2983274,1.70516,-2.1854448,6.1546764,16.923271,1.1703222,2.3221786,10.263626,-1.760623,-6.2984557,2.3243253,5.155126,2.0088413,-3.2299151,11.468491,13.8231735,-5.5896277,-5.390573,5.126614,-1.4122603,6.9588695,-19.071085,-17.277758,-9.732368,-5.7370267,-1.7388679,-4.897724,-16.250723,4.5048733,24.344109,16.02613,-7.713301,16.589808,-1.8253728,0.12831563,2.4157903,1.7252575,16.91901,-10.477707,3.9211206,-12.9663315,3.2482827,-5.1811004,5.3942504,12.257878,-20.53027,-2.7988143,0.67385167,8.441746,9.802313,6.8071065,1.1257782,0.47146034,0.28372467
-4.5520825,10.756858,-17.379736,0.11321852,-14.225304,-4.536432,72.00877,-7.382442,-5.2507544,-1.1760707,12.867065,0.93578553,0.44975993,-0.057952963,9.325018,-7.5021143,-7.0575786,8.895524,0.19442323,-4.215901,0.21933214,0.25759128,-10.146682,-6.790147,2.0413673,10.4392185,9.63501,5.2603583,-1.6083802,6.688647,14.98537,-6.921613,0.6444517,-6.948331,-8.719189,10.034479,-5.523307,1.8808752,0.4767852,0.5395447,-7.3110356,13.946798,-0.9443529,21.925558,1.990652,0.46488565,-15.437549,2.6752467,7.062697,-7.709536,-7.6525297,-15.092458,-6.2340198,0.04839838,-8.317294,-4.856206,-0.46483967,6.8407993,17.591492,-21.661673,7.2724156,2.4552293,7.056482,-9.134981,-13.605605,-0.86463374,0.6687409,-14.640465,-13.918323,-0.08001195,-12.425663,-8.315846,19.86753,9.064217,-0.1822447,4.108496,-9.565466,-5.281206,-14.44991,-15.1295395,-13.067044,-17.706472,-4.741472,-2.026905,-5.279797,2.0050514,-1.5227354,0.010358894,-5.8912416,-18.748457,-3.6189077,-4.5366526,8.736189,6.5048003,7.109602,0.8139879,-1.0226697,-9.595652,10.510231,-6.1925764
2.2288625,-9.959003,-7.042195,1.3549889,-5.60742,-0.5968131,-7.382442,101.56283,-6.132542,-4.622434,21.150475,-1.669088,0.5108231,0.16541114,6.2461014,-4.165754,13.973434,-6.8880715,6.8658805,-0.8344579,7.035832,-2.6905968,0.59290475,20.101395,6.180047,-4.1591425,2.368428,-18.579285,8.27397,-4.3339057,-6.796898,-3.7629635,15.273743,-0.24650499,17.989504,-11.220546,2.0122013,3.8752782,-16.082798,-14.024049,13.016371,9.374968,9.527013,-5.425907,-8.591571,-7.5379257,-1.2885121,14.256916,-18.621727,-6.718821,1.977745,-12.383958,-7.6216035,2.4630685,9.236491,5.3835287,1.6430234,-4.370309,-13.769976,-10.44646,-21.547775,-13.825056,17.651392,2.622351,8.734384,-12.89807,-4.068258,-1.8579284,8.701067,2.0598958,12.407228,4.5043106,16.404228,-3.659871,-1.0230575,-8.973168,-3.7163205,-8.167684,-0.834479,-4.24694,2.5181863,-4.8842654,16.014343,1.713239,-5.03893,-13.41107,-1.6282444,4.3590913,-1.6953294,-0.3046345,5.655084,-7.560902,-7.690011,-16.353899,0.7215654,3.2532253,-3.5043073,-7.9951572,6.701726,-9.682943
0.36583582,3.3421323,7.3433037,7.3409424,-7.6955867,21.009008,-5.2507544,-6.132542,111.81678,-2.102264,-5.323091,13.857273,-1.5096161,14.848258,19.844648,0.34377638,-11.362007,-0.19121985,-5.491079,-4.005472,7.0913734,-3.036367,8.808336,-13.01653,18.112873,8.744322,-2.520667,-15.114872,-10.833134,-9.885115,-10.145428,6.5591846,-17.066069,23.080656,-13.234932,-2.7722285,-25.995592,3.7989922,2.372299,0.6822204,12.435817,-2.9267907,1.3335829,-9.548446,4.099813,-6.9891624,-2.3173628,6.332634,-8.322488,-1.7638183,0.89526546,7.7344556,-16.60491,-9.183804,-11.038914,-8.68344,-5.9409623,2.7416384,2.1873794,4.185127,-12.485616,-2.8938086,18.31403,3.079884,-10.280036,13.887281,-11.004029,3.2326696,-6.3077235,10.848485,2.8327558,-3.3789809,0.48537144,-17.852377,-8.5109,12.6379,-4.6886134,-8.550171,10.18152,11.288847,-13.997445,-4.7027855,7.373981,9.391021,12.603501,7.801357,-10.410769,-15.808107,-3.5061162,19.26391,-7.2354784,-1.5554591,2.8521426,19.46759,3.1106853,-35.435802,-2.2532353,-3.80823,-7.0074153,5.087416
-14.401135,26.694366,-2.308327,10.124714,5.8235555,-1.0376447,-1.1760707,-4.622434,-2.102264,65.41292,-6.8351274,-9.169367,-4.4876766,0.5213794,-4.046167,0.62689096,-2.93393,-1.9331664,8.901613,16.53957,-17.638605,5.8054976,4.7353787,17.086584,-4.5089917,-3.551127,4.9537845,-1.6411406,-4.006439,-3.9364371,-1.16557,3.0204954,-4.5689683,-11.200278,-10.607268,4.025779,-3.6415758,4.4854155,4.265991,1.9733255,-2.0983636,-5.57413,-5.518111,12.754326,4.95263,-1.7848254,-0.09205228,3.3942306,10.039209,9.254967,-2.0607274,12.050884,-4.284448,1.5166,-6.688065,-3.7594755,-2.2737613,-1.0350945,0.72122246,-2.8710203,-10.333148,2.4511888,-5.7880187,9.802313,2.0129342,9.12992,20.31815,-4.608947,-21.924295,-16.654816,-3.7504213,0.54429066,0.82648474,5.7435718,1.9408745,0.65234,-6.912533,19.311693,-9.789122,6.155049,3.5917208,11.049064,15.310533,-2.4747772,0.9032394,0.6670657,15.557458,-11.665909,11.980591,1.460047,8.011521,1.0243636,-3.3614147,-6.712591,-9.520672,-5.1471295,-12.411146,-15.459616,9.921542,-1.3436217
0.58665174,6.485389,0.4028022,1.2268252,-15.8480625,-7.4533257,12.867065,21.150475,-5.323091,-6.8351274,89.61394,-14.964787,-1.6419672,4.0887914,8.440341,22.420118,0.5089908,-16.07432,5.6343594,8.930173,19.517363,0.5946705,-8.479473,-17.641048,-8.037206,-2.0996192,18.550844,-11.839851,-16.146034,-4.3220835,4.288599,4.341854,-16.188751,-14.798555,25.808907,7.3747926,-2.9508715,0.634865,6.934449,3.9454994,11.123121,6.3708396,-11.887595,-1.9298855,-9.071791,-6.0563536,0.3460324,-1.7532578,11.528499,5.051494,0.13147114,3.2230575,1.1387875,-11.954657,6.0439816,2.802861,7.78941,-12.909329,-1.963983,3.1924205,-6.2820563,12.213647,4.512081,-15.593457,-8.1862335,-14.103737,-19.872252,2.3818183,5.027793,-1.4218564,0.5415659,-5.427022,16.199116,19.740515,1.1014693,8.616511,-2.6627367,-13.5766735,-9.379452,-9.918624,-9.644523,-12.614267,-2.563194,16.266533,-4.2737226,-8.595,-4.1311326,-1.1823887,-7.6528444,-6.091148,7.9122386,-3.7144897,17.02655,-7.431402,8.469956,-5.3327117,6.8569083,0.18619514,-4.0456514,-12.893188
-19.807375,-16.578886,13.313267,-1.7324023,8.507467,23.636866,0.93578553,-1.669088,13.857273,-9.169367,-14.964787,107.8053,-11.245983,0.81040645,10.187528,-3.3492014,17.816147,10.666849,-9.420376,-24.667501,5.1752353,4.971115,-6.081635,2.857287,0.96078455,7.207013,-12.497557,1.6265627,11.033133,2.6593106,19.347828,-1.943206,-8.670656,-3.3391683,-16.131237,-3.4508657,-1.0322192,-14.219369,-22.63073,-5.871564,-12.839455,-8.1208515,3.855766,-1.4681871,8.346735,6.0563307,-4.29295,10.82805,-2.418456,-3.85997,-0.8731157,-8.941915,-14.142714,11.0648155,0.7445765,-3.1454298,-1.6155202,-7.282579,18.802818,-9.119584,9.965458,10.024409,12.584268,15.660377,-0.035321187,3.0573947,3.720996,-3.0428088,-18.220055,-9.854652,10.920008,-6.8225675,-29.139448,-2.190082,-11.729384,-7.5969353,-0.965334,15.548098,19.253092,-4.1934724,-2.118902,-8.143886,-12.124397,-5.518885,-4.8226676,-6.8783684,4.041743,7.9283304,3.2755969,3.6662939,-6.684868,2.988199,0.3812584,8.957073,11.195515,-8.769688,6.9038234,-8.645968,7.7700815,8.453257
4.661202,-24.472239,-2.5640237,4.5423007,-12.930281,-7.860016,0.44975993,0.5108231,-1.5096161,-4.4876766,-1.6419672,-11.245983,73.62625,11.333979,-5.849496,9.503248,-3.804757,-4.128335,-12.687206,-14.038209,-2.8848217,-5.9877777,7.9223266,-8.276117,-16.71194,10.9676485,10.028399,-23.689133,-6.9376545,3.1714883,0.2041005,0.3954872,18.056133,14.475157,6.7912197,-13.744688,-4.4054236,-0.56787366,15.220743,-0.1448079,0.6415089,-7.4567285,4.6700683,-11.096972,-5.7486205,4.6189055,7.817495,-1.5363076,2.1558392,4.3634067,5.033933,3.4399521,-4.950693,4.878344,-10.078347,7.635162,6.633715,8.503848,-1.0152184,0.43933278,12.299338,-1.2557936,2.5643294,-6.643556,-0.24702503,0.38028082,-2.8708878,-0.4057419,-4.3479857,2.4438393,10.576282,6.214572,-11.180385,-5.6388297,-20.453035,3.6723762,-3.3098853,-3.2564492,8.261881,-3.052474,-0.22697788,-1.9540886,0.65310335,7.5479026,-16.64576,-3.5532143,2.3626235,-2.5115073,-7.0957937,5.7949457,-2.7745721,-9.144824,8.27281,-6.293054,-3.7428324,-11.239857,-7.798445,-1.7057314,-1.7949245,-17.000229
-1.6580726,3.9335203,-5.964354,-0.41519603,-11.115162,10.813409,-0.057952963,0.16541114,14.848258,0.5213794,4.0887914,0.81040645,11.333979,94.20376,8.144181,11.216657,11.6269045,-1.855115,-11.830259,19.11433,8.604036,3.0667033,7.502209,0.3314589,-4.1835933,17.415758,11.440341,-8.526101,-7.007247,4.293353,-5.302958,-11.123985,-14.978485,1.5315795,8.136974,10.101805,2.2438068,3.5458105,-2.9739664,0.114149995,19.521997,-2.5666862,-9.89333,0.637257,18.436275,-2.1561358,-15.719459,9.243194,6.196638,-0.77072805,-3.126229,15.352979,-19.392672,24.050985,1.6258736,-9.431795,-9.126262,-3.114075,-10.0023985,5.7101803,-1.3642036,1.2937554,10.843934,17.403502,-12.359225,-8.974585,-9.648025,-6.274661,25.871204,-7.8431253,-2.433223,19.185877,-0.61433655,-3.514281,1.059096,5.3396974,5.5218034,-10.387068,3.5788178,-9.145326,9.732149,-13.617876,7.8683476,11.912444,14.182519,-0.5933436,-12.75251,5.756754,-21.993769,-7.26048,-9.18848,-24.857151,5.9873633,7.7076683,-5.564839,-5.725804,-11.583202,-11.706315,-3.489201,4.299844
-3.710313,1.843113,-19.69965,0.7475176,7.1254163,-4.4086103,9.325018,6.2461014,19.844648,-4.046167,8.440341,10.187528,-5.849496,8.144181,102.100945,10.758384,14.335822,3.0764253,0.12581554,-13.570174,17.61321,1.2857726,6.35034,-8.16997,-16.416912,22.904606,-12.278769,-2.6180632,-5.8539677,-0.34680116,-18.159,0.4409799,-17.706709,-5.216981,-5.728778,6.09911,8.326299,-4.2322297,-20.477264,-4.7359514,8.556629,16.028992,13.748646,8.498942,-2.7618322,-12.675366,-12.463874,-1.7510178,2.336469,1.2713938,-8.525892,6.9684935,-4.974006,4.1796274,-21.590555,4.9217534,6.620012,1.7715126,7.309224,11.853685,-16.992891,-6.3879366,-1.8424026,1.0290729,-1.7054825,4.0881386,-10.659465,-1.0467147,-0.5423953,0.18059462,-11.28353,-7.614418,-21.617044,-17.999025,14.922778,3.0794153,-13.805192,-3.469209,4.263101,-8.222644,-14.725729,-16.01198,2.156954,2.0997689,-6.21677,-2.830875,-9.262874,2.6813965,10.55034,12.387227,2.3945632,3.3645313,0.6317651,-5.8673635,10.252466,5.6580086,-11.336156,-9.354008,5.785325,-19.922989
-7.6172442,-13.553127,-6.4898524,6.6490946,-17.640093,-5.3626003,-7.5021143,-4.165754,0.34377638,0.62689096,22.420118,-3.3492014,9.503248,11.216657,10.758384,98.56493,12.7368555,-15.904261,3.637228,11.2829895,8.799,-4.054012,0.75430244,-6.4907107,-9.588478,-21.056067,-8.357388,-2.40721,-12.342358,0.62883264,10.149026,1.5582125,6.9401865,-11.059697,-4.2045536,5.3898787,3.538631,10.968588,-1.116225,7.189196,-11.439073,2.0383494,-12.23221,-5.1846485,-6.3942704,2.698895,-10.490857,-13.200217,7.3980155,-7.826927,22.74059,8.248884,16.311998,-17.098816,-12.7995,-6.462698,3.277777,-4.420804,-8.717011,12.410864,8.698175,-0.2667905,12.707824,5.5816755,-12.246488,1.9326608,-15.821736,4.627931,15.168492,-2.9823391,10.830823,1.4548944,-0.5989091,-7.4169354,-2.2059393,8.06431,-10.521618,-13.267709,0.1620826,-5.1131067,5.024414,-17.912876,-8.36895,10.091939,-16.234728,-14.428078,13.428287,-12.177761,12.619164,-3.4408188,8.497337,-7.5650563,19.349842,-11.441426,3.5739596,-3.8867612,13.449825,-11.014572,-5.7695093,-6.4305124
-0.23398621,10.372518,0.7559494,19.54053,16.495502,-11.486083,-7.0575786,13.973434,-11.362007,-2.93393,0.5089908,17.816147,-3.804757,11.6269045,14.335822,12.7368555,104.89125,4.08528,-5.853344,-5.489677,18.436022,12.375444,-5.5520597,-0.48053938,-15.336725,-14.069954,-13.200411,3.639945,19.417189,-16.423159,0.46439314,2.9757574,2.3752005,2.0027826,2.0522459,-5.2919188,14.293201,3.3567271,5.226672,-32.67425,-0.2737476,-3.5942242,2.1627262,4.391273,2.14735,-8.274338,-8.699825,1.7445195,-9.662443,-0.41227078,4.969507,7.6804247,-8.950409,0.019464323,-15.561936,-4.1357203,-1.8523427,8.038744,1.8075373,18.327354,11.703262,-3.5085812,-1.1890885,14.763647,4.4802594,-10.126244,1.5449901,-0.9842486,2.4291394,-5.1228056,-6.865917,2.0971653,-7.451914,-8.789053,-0.7966745,-16.769714,-4.0856304,-6.5824156,13.305238,0.3703395,15.524293,-3.7860372,3.6874309,9.788215,-11.285825,-13.450081,7.4024053,27.106194,-7.530515,14.190521,-5.37329,-1.0440607,-11.617982,-6.959599,17.075594,13.653058,-6.6612296,-1.0677813,10.549322,9.209091
1.5991427,3.4878547,-0.34938687,14.630674,8.43979,5.241503,8.895524,-6.8880715,-0.19121985,-1.9331664,-16.07432,10.666849,-4.128335,-1.855115,3.0764253,-15.904261,4.08528,107.37197,-4.9882655,-22.255507,0.021301288,-13.038572,-5.423725,-9.954714,21.741882,23.378618,-11.64554,1.1081067,2.4602857,6.731066,-0.6389427,-14.814444,3.6792543,16.338737,4.235708,0.85037494,23.367584,6.565548,-14.412592,-12.502367,-11.846453,-4.4552774,0.26934433,5.9022303,8.954453,1.6330956,-8.499441,-5.7727814,-11.404536,7.049945,3.215292,-6.6316776,-24.10709,-6.7622256,-6.9315524,-3.4332452,-19.011234,-2.510763,17.198845,-2.6286714,12.349621,2.5846896,0.7728707,20.295404,-8.988796,-3.4501688,14.67323,-19.032305,-8.994701,11.57999,0.8380549,-20.07182,0.06383044,-19.161983,-17.189764,12.1638155,-19.836117,12.931504,23.378979,-5.6366434,1.025638,3.3091688,8.070595,-0.33230358,-4.858287,2.714518,-15.287973,-5.4742327,2.5650437,-7.278616,-1.989231,-4.775821,-12.254658,-7.389173,16.136282,11.220117,-17.03931,-19.551857,-1.1435986,14.205911
-11.64359,19.896494,-0.21039064,6.740519,6.94486,-10.7454815,0.19442323,6.8658805,-5.491079,8.901613,5.6343594,-9.420376,-12.687206,-11.830259,0.12581554,3.637228,-5.853344,-4.9882655,99.61305,8.925906,0.8376282,12.536645,-12.580197,16.41473,12.069374,-12.625348,-7.4521823,-3.3771563,2.513562,-12.244834,-6.3147326,1.253916,-3.3787763,11.33007,7.4742737,-25.193016,-9.827888,3.6361043,4.746293,2.3387918,-0.98348767,-9.347628,-9.005037,5.5680237,-4.6198063,-2.744655,5.9144826,9.962104,18.730108,3.9596858,15.053502,-9.847272,-8.286705,-1.0459982,9.002919,-0.18105415,-2.1672063,2.4279373,-10.385508,1.2802091,-30.138731,2.6226768,-2.5132792,-11.182128,11.365156,12.829585,1.0601176,-1.643586,1.1204026,-16.320162,-4.527001,-16.041063,12.472596,3.1104124,-6.2023315,1.8894397,-11.414234,5.9435782,-25.918575,-6.484939,0.22547542,11.746823,5.2889585,-15.68002,9.260715,8.1863985,-0.940016,2.2537007,3.9102547,-5.672049,-21.877136,-8.508215,0.20456591,8.314047,5.339298,-10.32713,5.4225655,13.4755335,3.4429004,-12.958382
9.246222,9.417144,-7.2565446,-1.952535,7.061047,6.0633793,-4.215901,-0.8344579,-4.005472,16.53957,8.930173,-24.667501,-14.038209,19.11433,-13.570174,11.2829895,-5.489677,-22.255507,8.925906,132.37636,-7.353988,0.28721303,-5.35873,9.365334,5.3910475,-23.386065,17.302769,-3.0320234,-6.371639,-11.6983795,-11.361661,12.176418,-3.3487468,-9.568809,8.60358,16.029512,-23.679575,25.832565,-0.41185075,21.648403,8.761927,-24.836102,-15.248294,-1.9275937,15.878385,-8.611854,2.389895,4.3464437,3.9255867,-11.58429,-8.722233,14.030604,-0.47379592,11.886728,-5.1655855,-8.016846,-29.670788,-8.965835,-18.404268,-15.0504675,-1.208988,-3.2691083,-33.58748,7.8745565,-10.124872,10.253317,-8.273413,0.9916226,9.787477,-10.81204,-8.086164,11.842021,23.675955,4.8021283,13.551156,-7.3177824,-7.3517194,-7.3022857,-16.208256,-1.3798057,-2.260773,-16.500788,1.2444592,9.851192,26.671211,11.735485,3.0338125,-4.4150105,-27.579224,-11.111086,-2.3671527,-19.2501,16.045715,0.26133585,21.47731,3.2039392,-16.766132,6.153966,1.8771386,12.251945
8.155412,-8.461708,-12.112051,-3.9389458,-4.117278,-7.1100693,0.21933214,7.035832,7.0913734,-17.638605,19.517363,5.1752353,-2.8848217,8.604036,17.61321,8.799,18.436022,0.021301288,0.8376282,-7.353988,105.504684,-6.476252,-20.607306,7.704519,-9.512779,14.3775215,3.040543,-12.383158,-5.348497,-9.217597,4.848771,-3.3476012,-21.40911,22.489893,-4.561774,3.5183883,23.944551,-0.23438019,-11.235354,-22.5436,13.412883,-1.339919,-3.1835306,-14.49708,-4.6483817,-0.50943905,-9.201753,9.094548,-17.406746,-9.177392,0.9131693,1.2179314,5.9061894,-9.7762985,4.29843,1.0340898,2.031437,-1.0691708,8.397565,1.5073378,1.8133142,24.173895,2.8787565,-10.5976,1.2328069,6.5054865,-10.906574,-19.496323,22.398245,0.7704124,2.387701,21.239384,5.533775,28.72935,1.2631438,5.8159666,0.5549834,-25.660011,-3.5939286,-1.1155498,-4.2319183,-8.389022,-8.428929,4.9339457,-6.885994,-13.36088,-9.5758295,12.4752445,-1.0981786,19.224205,-1.6685115,0.571878,11.656565,7.90015,14.881856,4.830196,12.799836,9.548068,-4.282047,4.603245
-5.72846,8.675795,6.7784696,4.9324093,-20.2026,-14.533505,0.25759128,-2.6905968,-3.036367,5.8054976,0.5946705,4.971115,-5.9877777,3.0667033,1.2857726,-4.054012,12.375444,-13.038572,12.536645,0.28721303,-6.476252,92.465935,2.6627853,19.33675,8.291712,-8.951246,-5.5556026,12.62683,1.9656497,-5.1844354,-7.924252,3.5430999,-9.278402,3.7107992,9.470221,-19.636538,-7.0403438,6.3155622,10.945343,10.767681,-0.64592475,12.997237,-0.95097,1.3514652,-9.748653,-2.1989546,-5.074545,-6.1324544,12.785965,-8.035749,-10.468791,6.730199,6.1710043,0.38111988,5.5209947,3.513797,-14.437072,12.074016,9.742358,-4.059106,-4.786104,-0.9642616,-9.00177,6.896231,1.8207461,2.3254566,3.5215864,19.942694,4.406736,4.5133295,-32.61876,-9.042729,2.3014748,3.8248324,9.869307,27.113665,23.37946,5.5063066,-6.3872414,-16.90385,-6.6753693,7.2779584,9.822737,7.3825297,-2.76315,-10.295802,5.644267,4.1250515,-12.7967825,-5.6326656,-1.0726076,-6.9145603,2.5459757,10.775708,12.970192,-20.591328,-1.4691241,12.231083,-9.586408,-3.841044
-2.6661496,4.477632,12.146328,-9.157706,14.565604,-4.3240924,-10.146682,0.59290475,8.808336,4.7353787,-8.479473,-6.081635,7.9223266,7.502209,6.35034,0.75430244,-5.5520597,-5.423725,-12.580197,-5.35873,-20.607306,2.6627853,109.09594,-17.5432,-1.5692061,16.458263,-0.06218539,10.882361,-10.756066,0.32111835,-16.17125,7.1197877,5.60196,5.3346963,6.9916277,-6.8395257,-7.3984876,10.868546,-16.179817,10.882504,2.783218,13.375403,5.417734,-11.33723,9.546361,15.904064,-14.844779,-2.437864,16.60605,-3.3433537,17.933962,4.130021,12.383245,-16.739334,-13.60719,-5.8619576,-9.068476,7.0981426,-5.254949,7.5022025,-19.587759,10.546204,5.736524,11.937465,15.061603,-12.207408,14.4184475,5.1148067,0.37937826,-14.815219,9.470859,4.327203,-1.0578123,-12.5452385,18.117155,-8.590726,0.5308682,-5.6040587,0.08982031,2.5394828,1.7334186,-1.0200602,9.902304,-13.969423,6.9526796,-8.31422,-2.7011294,-12.284081,-18.045164,4.1520314,0.9453742,-7.210637,-9.70777,-11.008112,-12.647091,-1.928829,-3.3953218,5.854594,-6.7445436,-3.9772415
-1.2612646,-3.3393378,1.2280937,5.4741178,7.785056,-13.355914,-6.790147,20.101395,-13.01653,17.086584,-17.641048,2.857287,-8.276117,0.3314589,-8.16997,-6.4907107,-0.48053938,-9.954714,16.41473,9.365334,7.704519,19.33675,-17.5432,120.13703,2.112239,3.49401,-5.398223,-11.218167,1.58241,-1.1226728,2.8477638,-11.848071,-6.602203,9.411992,-7.7806487,-30.922323,4.427064,-17.954077,4.8380146,-7.6389546,8.5909605,13.870239,-12.027285,7.1544547,-5.4861403,-7.456707,5.3347335,12.367929,-18.226501,-17.1259,-4.9391484,3.212597,-5.711799,22.640905,-2.6286752,6.7988834,-4.497237,-9.120975,-16.542397,-1.7735282,-14.196551,-5.233564,9.495274,-0.26583648,8.056456,12.4173565,0.8653025,6.6540017,3.6781266,-14.736302,3.937164,26.404608,17.044249,5.4301977,4.2904077,4.5278716,1.8797052,5.0228133,4.30106,7.0305195,3.5091996,23.061209,-8.353528,-21.910984,4.2468386,-17.908928,18.84079,1.1421485,0.4669004,-11.763923,2.9017086,2.5679026,-10.052466,-8.373035,-11.325923,1.3876884,9.934568,-5.2796607,9.859343,8.21823
1.7006179,0.22774908,16.43153,0.08829553,0.33309886,7.844929,2.0413673,6.180047,18.112873,-4.5089917,-8.037206,0.96078455,-16.71194,-4.1835933,-16.416912,-9.588478,-15.336725,21.741882,12.069374,5.3910475,-9.512779,8.291712,-1.5692061,2.112239,105.311844,0.20768309,-2.4243479,-2.8680515,-0.5606726,6.2711916,-0.07711178,-4.689452,3.1127787,1.8542305,6.980839,-2.8624187,5.183986,9.895805,-20.396355,-7.744556,-2.95675,12.436133,1.784622,1.0441037,-0.59146416,-12.570134,-14.656396,2.4856236,-16.208082,-5.246764,-18.570469,0.9341917,-24.938175,3.506044,9.023838,-16.232096,-11.750769,-10.947991,-8.286661,-6.2376037,-2.1147203,3.3786774,-0.30390054,4.0208664,-6.43369,6.973444,17.222342,-9.854145,-18.166466,-7.938653,-6.0885177,1.6901908,18.494219,-15.107993,-1.4308498,3.0172844,5.4612694,-1.5753158,3.5200167,17.043125,-5.731461,-6.8066278,4.4274054,-1.3703258,14.916331,20.098436,-18.730907,-9.816034,-13.480908,-7.932681,-12.581938,-10.570857,5.682482,14.928579,11.339574,-0.21719764,1.5034657,-0.20299335,-5.9048963,20.179459
-22.489933,10.625803,-8.798092,10.407082,-14.400584,-6.2319775,10.4392185,-4.1591425,8.744322,-3.551127,-2.0996192,7.207013,10.9676485,17.415758,22.904606,-21.056067,-14.069954,23.378618,-12.625348,-23.386065,14.3775215,-8.951246,16.458263,3.49401,0.20768309,100.57706,4.140599,2.2475593,-26.92905,7.499724,6.3045216,-10.539478,11.658183,20.586855,-6.510702,5.2641006,23.595644,1.3297505,0.642694,-2.4606016,5.178249,0.5822049,13.949747,12.828522,15.475192,-5.356767,-16.474184,1.0766224,2.1573598,5.3753543,-8.158582,4.1371937,-0.9874535,-0.077007934,-16.208609,-11.536443,-5.2069755,-5.232699,0.40677324,9.269402,-2.0413992,-3.1220365,-1.687071,-2.1401057,5.633591,-0.9453278,-4.942494,-11.20963,0.49135017,-1.8799453,5.115043,-4.308347,-2.2019687,-21.621906,9.716733,4.785425,-7.965684,-11.224923,18.594406,5.729377,-17.503216,-0.11133566,12.507398,-7.456352,-0.19222102,-8.51903,-0.9515991,-1.5411955,5.224511,7.7511716,1.8563179,16.768005,7.330044,-6.830175,0.28402805,16.252007,-2.8425388,-8.084106,-9.194393,0.73892117
-5.3037663,-7.7111025,-2.141105,-21.213089,2.1081755,16.30031,9.63501,2.368428,-2.520667,4.9537845,18.550844,-12.497557,10.028399,11.440341,-12.278769,-8.357388,-13.200411,-11.64554,-7.4521823,17.302769,3.040543,-5.5556026,-0.06218539,-5.398223,-2.4243479,4.140599,101.12385,-5.695604,-15.207002,5.026681,5.732498,-2.3121128,3.6264188,-11.003183,20.698896,-7.6700635,-5.9341416,0.5589876,7.8054175,6.2909164,14.448287,-0.22352053,-18.503893,-12.285953,9.925097,4.499001,1.6626866,18.251093,8.504783,2.2675004,10.871471,-5.807596,7.2281165,4.9991,-1.4435391,-0.3425336,-6.325537,18.674784,0.1397892,-7.1917443,-6.5826836,13.263212,4.178712,-17.957973,-8.924402,-0.16581288,4.750451,-6.887564,-7.4404073,-2.253424,0.7229882,24.260756,2.8416133,8.413152,-1.6463059,11.19847,5.1458597,-12.40305,5.2840643,7.3417306,-8.697789,4.5327063,5.087387,3.4090524,6.6067624,20.041574,3.6925175,-6.32023,-4.6998267,4.14517,-4.8732514,-12.366424,6.6094995,8.557022,1.4208338,-8.178114,10.509638,-2.8619099,4.3405647,0.82440424
-18.134731,13.658502,-5.4868746,0.069872364,-0.26461247,-7.4822993,5.2603583,-18.579285,-15.114872,-1.6411406,-11.839851,1.6265627,-23.689133,-8.526101,-2.6180632,-2.40721,3.639945,1.1081067,-3.3771563,-3.0320234,-12.383158,12.62683,10.882361,-11.218167,-2.8680515,2.2475593,-5.695604,86.78598,6.373817,-5.4517856,-3.267785,1.157641,20.464664,-5.185965,0.45880526,11.508473,-0.41652977,7.5311117,-19.733965,0.8297999,-9.828858,-8.857558,-13.748005,1.400216,1.5546376,3.907403,-0.14982305,-1.3627863,9.156096,-14.043104,2.9950469,10.483171,17.715961,-5.812791,14.768738,-7.6971726,-8.484827,10.235682,18.17206,-2.6809866,-2.7521212,-11.018412,-3.0161376,1.2801086,-5.5518,-11.518835,3.0103471,11.299565,-2.2706616,-8.009099,-10.549013,-2.4678936,-0.7472584,1.8487049,7.1518884,0.1979445,2.747459,-7.477261,-10.237907,9.846419,2.8990934,3.4500594,-11.394604,-7.1888247,-10.999025,-9.01442,4.7353077,-0.5030738,10.118905,-9.755438,13.634407,12.170241,5.2043805,-16.636831,-4.1051173,5.43805,-12.396258,-0.635079,-5.793804,4.0305715
9.360524,5.7157683,15.185282,-15.665042,10.374829,1.4839276,-1.6083802,8.27397,-10.833134,-4.006439,-16.146034,11.033133,-6.9376545,-7.007247,-5.8539677,-12.342358,19.417189,2.4602857,2.513562,-6.371639,-5.348497,1.9656497,-10.756066,1.58241,-0.5606726,-26.92905,-15.207002,6.373817,75.23924,-1.0679158,-6.7048836,-1.7942677,9.228598,1.8947517,-15.054775,-3.2149646,-3.3643086,-10.509908,-6.1944337,-14.647547,-12.185033,-2.4640703,12.940063,1.6187172,-8.697614,8.747261,-4.4346385,7.312434,6.7721205,-10.424379,-1.4683331,-10.485632,2.3485715,5.6731358,14.04917,1.443389,13.568239,9.317362,-8.962502,-7.9732227,11.623309,-1.8744969,-1.6290952,4.883334,-0.16809666,-14.303822,17.744461,6.029084,2.6060286,-0.9637128,-7.5337276,-16.39804,7.9309287,23.843899,-4.780217,-9.3991165,-4.753725,-1.8961484,-11.198149,-12.518677,0.8576248,-4.4471855,-8.438085,-9.826092,-10.0190935,-8.602902,-3.5409696,16.988398,-8.030774,-1.0551064,6.4548264,-14.761511,-13.5686865,9.187656,-3.7902787,6.530162,-16.546295,6.446537,6.6660566,1.4550724
7.6647115,-3.0074515,-15.073893,3.5284138,-0.80562633,-19.716417,6.688647,-4.3339057,-9.885115,-3.9364371,-4.3220835,2.6593106,3.1714883,4.293353,-0.34680116,0.62883264,-16.423159,6.731066,-12.244834,-11.6983795,-9.217597,-5.1844354,0.32111835,-1.1226728,6.2711916,7.499724,5.026681,-5.4517856,-1.0679158,103.21231,-2.9967008,-13.761591,15.70533,0.31554398,-13.100481,-0.8977049,-4.799711,-5.931459,-8.641237,-7.8430367,-1.9781501,5.6238422,-3.6565456,11.317709,-19.59895,20.422628,3.999072,-3.9052362,-6.674559,-10.8218775,-1.6946474,-4.11424,-7.2326584,1.2742082,4.1834016,-11.635533,-4.8800755,10.184741,-11.30335,-2.8613138,16.957344,-11.086039,-13.53234,-2.4911897,-3.969572,-4.250679,-4.4499326,11.5644655,-2.9190226,-1.3092927,4.805636,-2.140065,-1.6182133,2.0418198,-2.9815652,-11.387656,-0.38795945,6.2927155,-2.255876,5.320329,2.4805248,-18.649694,6.651571,-13.530757,-7.3484855,13.403404,-3.8484783,12.282385,9.403135,-17.583864,-2.6834288,3.6172779,-0.8874104,-7.9647536,2.3081794,15.9840555,13.054669,-5.1266594,0.57260156,14.588945
-14.890304,-4.149724,6.2908874,-21.96572,-1.291679,6.1867437,14.98537,-6.796898,-10.145428,-1.16557,4.288599,19.347828,0.2041005,-5.302958,-18.159,10.149026,0.46439314,-0.6389427,-6.3147326,-11.361661,4.848771,-7.924252,-16.17125,2.8477638,-0.07711178,6.3045216,5.732498,-3.267785,-6.7048836,-2.9967008,102.517166,5.362375,-1.9977044,-3.3457096,-12.5576315,-7.170805,15.973679,5.8307967,17.41317,0.4299224,-1.1824214,-9.361695,-9.436016,6.5432262,5.5345755,7.7431746,-18.978355,-1.7021775,8.324788,0.012711737,9.318894,-4.48075,4.9582977,-9.792493,1.4863774,-5.8859305,-0.5062822,-7.579268,-15.965284,-2.8047135,15.6523075,21.143467,25.266703,-13.090608,2.9222379,0.39323643,-2.8276043,-18.670525,-2.551498,-0.32769194,9.317065,-7.853706,-0.8236161,12.328126,-13.3261795,1.269852,-4.542203,-1.891724,15.659334,8.518822,-0.5913744,-4.220783,-10.787727,-12.131059,-15.300115,-23.595762,26.041098,-5.486962,1.481375,-10.049844,1.1638066,3.4889827,-2.2578354,-1.5670763,-7.2729344,-14.685137,8.231426,-4.031747,6.151039,4.1332064
12.546334,-5.2191653,4.7257876,-15.514161,-1.3108441,7.101771,-6.921613,-3.7629635,6.5591846,3.0204954,4.341854,-1.943206,0.3954872,-11.123985,0.4409799,1.5582125,2.9757574,-14.814444,1.253916,12.176418,-3.3476012,3.5430999,7.1197877,-11.848071,-4.689452,-10.539478,-2.3121128,1.157641,-1.7942677,-13.761591,5.362375,78.17778,7.177433,-15.372474,-10.229323,5.6524305,-3.0427837,1.3647428,7.7333274,-4.5337505,1.4656465,0.006696664,5.815317,-15.10285,14.801732,-6.7059903,-4.9762554,-5.0148735,15.606604,21.303637,8.183665,21.72584,2.2210217,-7.1658525,-10.686987,14.31333,-6.0181255,-10.746454,3.0273676,-7.060109,-2.4368944,-4.724011,-7.365053,2.730453,6.0185246,1.2469753,-17.861252,3.9803343,-14.067059,-2.9725506,-4.0196624,-3.5441692,-3.0222762,6.7117558,0.976466,3.1860795,14.750045,6.1038084,-5.5647717,2.6631045,7.5656238,4.5004377,-3.904726,1.7196783,-1.2049701,12.92148,-4.479355,-7.45754,8.457222,14.842539,4.8217444,-1.5542421,-0.6075511,-0.16788696,9.107417,-12.428504,-9.844761,7.2481403,-15.274416,8.509662
2.6253066,-7.23953,-14.562678,7.8579903,-28.737675,-9.740369,0.6444517,15.273743,-17.066069,-4.5689683,-16.188751,-8.670656,18.056133,-14.978485,-17.706709,6.9401865,2.3752005,3.6792543,-3.3787763,-3.3487468,-21.40911,-9.278402,5.60196,-6.602203,3.1127787,11.658183,3.6264188,20.464664,9.228598,15.70533,-1.9977044,7.177433,106.83181,1.7524624,3.4847655,4.6797223,2.498411,-6.7262,-5.678358,-7.6447587,-11.651761,1.4939139,10.6273575,11.65637,2.1026576,-1.6566037,-6.926063,2.5088685,-12.038987,-11.605354,19.546177,-6.5524545,14.247099,3.74436,3.1618884,-9.318095,-3.3351028,6.5820746,0.98287743,-16.981314,4.471812,-16.947678,7.7304444,-9.60329,17.27113,-12.74922,-1.2071072,14.086053,3.6754212,-2.8944657,6.168018,-5.113055,7.7511754,-5.7825956,-9.707126,-2.609208,5.4769435,-17.592424,-13.603279,13.764421,-2.988268,-6.2932463,-8.704603,-9.439592,-21.95182,1.6760744,10.670891,7.683113,-1.7464867,-18.450142,9.223025,-5.4429536,10.040794,-4.148641,5.047438,11.413106,-9.646894,-5.909924,-7.230857,13.382104
2.4347272,7.209854,-12.143259,0.06835167,-8.006658,-24.966272,-6.948331,-0.24650499,23.080656,-11.200278,-14.798555,-3.3391683,14.475157,1.5315795,-5.216981,-11.059697,2.0027826,16.338737,11.33007,-9.568809,22.489893,3.7107992,5.3346963,9.411992,1.8542305,20.586855,-11.003183,-5.185965,1.8947517,0.31554398,-3.3457096,-15.372474,1.7524624,110.0899,16.980537,-6.7531466,2.9893718,3.5811508,10.93644,-26.719872,1.0172305,-18.368383,11.81812,-13.067485,-3.3812609,9.183873,13.052636,6.6812935,-18.200766,-13.065221,-12.285838,-4.3238,-15.77428,-14.078309,8.000213,18.39075,7.8635416,15.193826,-1.541181,-15.47526,4.5620875,-21.095572,0.081713006,0.29562446,-4.678463,-7.743563,-3.6901155,0.28947148,8.068902,12.812513,1.9754822,1.721048,22.92817,-1.6092513,-5.637844,7.8232656,-12.267835,-4.179784,-0.65846014,6.9258175,-4.931526,8.943098,4.5521126,0.48582983,12.79744,-18.372545,30.190178,-4.0707216,-23.669252,17.238478,-14.246441,-4.8047943,-1.7765671,3.251772,-2.1596515,-16.668957,5.178946,13.039654,5.4366484,8.477475
15.103406,-4.192642,2.5381656,14.850972,-10.827281,-1.587902,-8.719189,17.989504,-13.234932,-10.607268,25.808907,-16.131237,6.7912197,8.136974,-5.728778,-4.2045536,2.0522459,4.235708,7.4742737,8.60358,-4.561774,9.470221,6.9916277,-7.7806487,6.980839,-6.510702,20.698896,0.45880526,-15.054775,-13.100481,-12.5576315,-10.229323,3.4847655,16.980537,104.86124,-0.83654034,11.552304,-11.66141,12.374787,-0.050383005,14.263213,9.073307,6.1985555,-14.008536,-5.361455,-15.194745,3.2576141,-1.3862034,-12.442328,-9.28325,5.7551794,-12.949162,13.231508,-1.4963255,9.772082,12.455704,3.5932808,-4.2324824,7.2856274,-14.890898,-18.626003,-5.4902306,-3.0915797,-9.117944,9.4066925,-17.203033,-7.9038806,-5.0696135,9.008413,-2.4155004,-8.326948,21.948154,-3.601547,-12.555912,9.439086e-05,5.434781,15.550673,-1.9250894,4.375813,7.799655,8.406263,7.3217783,19.41372,18.972239,21.50228,-2.4079154,-8.748537,-2.1879063,-28.290375,-12.095012,-11.92187,-9.796236,10.507716,-6.253962,6.020847,-7.85326,-3.088738,-10.788668,-8.57609,0.5401063
-3.1438408,16.031187,-4.8157883,3.0162542,-18.244785,5.5728064,10.034479,-11.220546,-2.7722285,4.025779,7.3747926,-3.4508657,-13.744688,10.101805,6.09911,5.3898787,-5.2919188,0.85037494,-25.193016,16.029512,3.5183883,-19.636538,-6.8395257,-30.922323,-2.8624187,5.2641006,-7.6700635,11.508473,-3.2149646,-0.8977049,-7.170805,5.6524305,4.6797223,-6.7531466,-0.83654034,120.23464,14.357852,1.1681525,-17.561777,-19.50809,5.4943876,2.984579,-17.720785,10.07861,6.3674774,0.06958273,-2.0478919,-6.0513515,4.9939494,8.734767,-17.48425,-0.27362087,11.038977,-2.4152458,-4.2286057,13.444074,-0.7266773,-20.378645,4.4871492,1.2215527,3.1308813,4.191321,-16.515064,29.49533,-2.7859209,-17.974863,10.201307,7.323168,0.11237197,14.414568,6.367172,-12.832848,-2.706769,12.930729,34.87676,-9.6366625,10.478534,6.955579,-3.81503,-2.499772,1.3530003,-16.911194,1.8890736,16.821917,-0.33008775,8.279501,-1.6287618,-4.1597815,-4.73259,-0.26313627,3.8896484,10.1628685,10.042051,8.983557,0.95795804,17.660315,-9.180654,-10.269271,-3.7815042,8.17576
-10.922169,3.5164802,-11.002714,-18.371298,1.7568969,8.218718,-5.523307,2.0122013,-25.995592,-3.6415758,-2.9508715,-1.0322192,-4.4054236,2.2438068,8.326299,3.538631,14.293201,23.367584,-9.827888,-23.679575,23.944551,-7.0403438,-7.3984876,4.427064,5.183986,23.595644,-5.9341416,-0.41652977,-3.3643086,-4.799711,15.973679,-3.0427837,2.498411,2.9893718,11.552304,14.357852,126.01635,4.714905,-13.709151,-32.527065,0.285541,-0.81013393,0.9472827,-13.173719,19.91129,-2.45123,-0.6162504,-0.66590124,5.202899,9.895183,-9.768473,-9.841032,6.9831333,-6.050979,-10.942313,-2.8286705,15.25207,-13.210505,7.176509,-6.5426006,10.586616,13.269282,-7.775013,4.035504,-5.109255,8.829894,11.524228,-10.269276,18.97484,-9.833306,14.994954,-2.1690335,7.622952,-3.5775788,12.334253,-4.991948,-4.6179576,-0.9113533,17.814873,-1.9694678,16.162266,-4.3599734,24.325254,-1.1421298,1.4091922,-1.922627,3.0510094,8.109369,-18.243782,8.130763,13.462173,21.477917,-14.942097,-1.1149924,1.8436028,12.217073,-12.902665,-12.6900215,-14.478188,-2.8919163
3.3508685,9.012357,-6.321009,-19.720308,1.2524943,17.175112,1.8808752,3.8752782,3.7989922,4.4854155,0.634865,-14.219369,-0.56787366,3.5458105,-4.2322297,10.968588,3.3567271,6.565548,3.6361043,25.832565,-0.23438019,6.3155622,10.868546,-17.954077,9.895805,1.3297505,0.5589876,7.5311117,-10.509908,-5.931459,5.8307967,1.3647428,-6.7262,3.5811508,-11.66141,1.1681525,4.714905,112.873085,-5.224224,6.6811104,-4.181257,-18.417622,-6.697846,-29.9278,-1.6252924,6.925283,3.162511,10.590264,-1.8359237,-4.1665893,0.6955016,-12.478783,-9.475872,-4.400594,-10.894803,3.7228732,-18.915901,10.517235,0.52596897,-4.928232,0.5115213,-8.325167,-13.250598,-0.2539329,0.8426688,-11.575429,-7.482657,-3.9192727,0.56021845,-6.399225,-9.677572,-13.332214,10.932229,-2.0399063,4.8588576,7.55786,-4.8953733,-14.987654,-2.2927473,-12.879667,4.9579153,1.8870825,14.926403,2.6753078,4.0945525,-6.233682,-14.208869,-3.347796,-10.636012,22.05106,-10.849957,7.5664496,-3.4025714,-1.400212,5.7164927,18.163498,3.646573,25.899445,-4.483812,-17.955395
11.274856,-0.9358061,-4.215827,-1.2205793,-12.335353,-13.493711,0.4767852,-16.082798,2.372299,4.265991,6.934449,-22.63073,15.220743,-2.9739664,-20.477264,-1.116225,5.226672,-14.412592,4.746293,-0.41185075,-11.235354,10.945343,-16.179817,4.8380146,-20.396355,0.642694,7.8054175,-19.733965,-6.1944337,-8.641237,17.41317,7.7333274,-5.678358,10.93644,12.374787,-17.561777,-13.709151,-5.224224,103.20146,19.5356,3.0734892,-6.5851808,-2.064542,-5.0109053,-2.9498353,-4.4237127,6.1831555,-7.1610665,4.9312496,7.7008758,5.8233423,-4.863057,6.6881046,0.5676222,-5.9519186,-0.62377626,2.3795762,3.700072,-7.750143,-0.12943462,-1.111385,-5.7990713,-3.6025336,-12.649035,-5.090997,-1.7841364,-10.856117,-0.8537309,-8.985431,7.424747,-7.3954535,11.397448,3.7547204,-3.2066064,-18.434763,0.91273236,9.981057,0.28030205,-5.915867,10.432896,5.5283217,11.507986,10.596764,14.464537,1.7683319,-17.79352,12.239116,1.0699506,-11.891514,1.7879788,-9.122346,-5.83962,7.3636646,4.41974,-3.1702876,-27.409023,-2.5704434,12.543991,0.18759763,10.022383
