compute_time_R_IC <- 0.0264062881469727

sample_R_IC <- matrix(c(0.100079244818, -0.118069116241941, 0.06336032823992, 0.0488226623295998, -0.185249308130424, 0.0472395846431498, 0.0786571237869907, -0.194532974440969, 0.0644527038296986, 0.11441785763437, -0.219982936942396, 0.0688217211083382, 0.12754469566293, -0.190607182464191, 0.0870337921328717, 0.331690919249033, -0.260298958342955, 0.210953084892925, 0.316001520058998, -0.418658093625037, 0.254154083141249, 0.272130825933769, -0.143635317436581, 0.0885508500193571, -0.152681400900507, -0.04606488132441, 0.269649710344254, -0.152681400900507, -0.04606488132441, 0.269649710344254), ncol=3)

bvals_r_IC <- c(2.76003681988037, 2.94294149106225, 2.94762327883794, 2.83590901842405, 2.82234379044587, 2.86806398803995, 2.84733435261175, 2.82543644585094, 2.79234092918246, 2.79303358651864)