compute_time_scala_IC <- 0.151514119

sample_scala_IC <- matrix(c(0.0, -0.012411163698703567, -0.02602846776405304, 0.020899191303584582, 0.013412523302054233, 0.03902142316818081, -0.041426571809371295, -0.07990842567393755, -0.11994084006699736, -0.10937339434503637, -0.2723318146651293, -0.2774322727204032, -0.33240985641485327, -0.4399727529641143, -0.33773773504936877, -0.34591036242774537, 0.03929684622147239, 0.20561512345790037, 0.21429806474060353, -0.2818641433526584, -0.4592220138236798, -0.2864467583125516, -0.21462819238551475, -0.674626057696588, -0.4311721461013663, -0.5393000224391251, -0.5393000224391251, -0.5906321751957725, -0.3942229716478898, -0.3942229716478898, -0.5251397420947337, -1.1019491135342228, -1.7162991846799551, -1.7162991846799551, -1.7696091794809061, -1.2254370348880013, -0.9215723133394964, -1.0181574427480962, -1.0181574427480962, -1.127035456896531, -0.6184473014893496, -0.40261432536521524, -0.40261432536521524, 0.14477462148427422, 0.14477462148427422, 0.14477462148427422, 0.14477462148427422, 0.6647776803691203, 0.7276655199956599, 0.03933273410088223, -0.5081889050696762, -0.5081889050696762, -0.5081889050696762, -0.751945110588026, -0.751945110588026, -0.751945110588026, -0.751945110588026, -0.19747992693966276, -0.19747992693966276, -0.19747992693966276, -0.19747992693966276, -0.19747992693966276, -0.19747992693966276, -0.19747992693966276, -0.19747992693966276, -0.28036574570460004, -0.28036574570460004, -0.3846187037198714, -0.32054301974720883, -0.32054301974720883, -0.9479144859280166, -0.7686255651107721, 0.4931600796629556, 0.4931600796629556, 0.4931600796629556, 0.4931600796629556, 0.5688866376523856, 0.5758548105469102, 0.37587420147358397, 0.37587420147358397, 0.37587420147358397, 0.4028776047146134, -0.13942162818876147, 2.808170608374627E-4, 2.808170608374627E-4, 2.808170608374627E-4, 2.808170608374627E-4, -0.7324618029088473, -0.7324618029088473, -0.7324618029088473, -0.7324618029088473, -0.963836826092209, -0.963836826092209, -0.963836826092209, -0.963836826092209, -0.8405038378056363, -0.6611135001348266, -0.6611135001348266, -0.6611135001348266, 0.3864263697513114, 0.6833507061485246, 0.17360423991905438, 0.17360423991905438, 0.17360423991905438, 0.17360423991905438, 0.17360423991905438, 0.17360423991905438, 0.17360423991905438, 0.17360423991905438, -0.47811289031028836, -0.47811289031028836, -0.47811289031028836, -0.2876075601168665, -0.43933031172124065, -0.21839841781620836, -0.21839841781620836, -0.21839841781620836, -0.9518913051999897, -0.15002985391266221, -0.7505095394215943, -0.7505095394215943, -0.7505095394215943, -0.7505095394215943, -1.3917978879682722, -1.3917978879682722, -1.3917978879682722, 0.169735798887239, 0.169735798887239, -0.2541701662783133, -0.2541701662783133, -0.9390862415286139, -0.9390862415286139, 0.1481059877435098, 0.1481059877435098, 0.1481059877435098, 0.1481059877435098, 0.061212790487408325, 0.061212790487408325, 0.061212790487408325, 0.061212790487408325, 0.061212790487408325, -0.42264864523087786, -0.34709292677507647, -0.34709292677507647, -0.34709292677507647, -0.34709292677507647, -0.34709292677507647, -0.34709292677507647, 0.905775947470389, 0.905775947470389, 0.905775947470389, 0.905775947470389, 0.905775947470389, -0.005356894959971825, -0.005356894959971825, -0.005356894959971825, -0.005356894959971825, 0.7809550218657455, 0.21999352500483493, -0.17997924296375228, -0.9486286885246853, -1.0842903897083254, -0.9300451450468552, -1.10481070632697, -1.10481070632697, -1.10481070632697, -1.0754430258820655, -1.0754430258820655, -0.16176768934905073, -0.1639849550070612, 0.2810830100789208, 0.20560878849481903, 0.20560878849481903, 0.7830269189431273, 0.7830269189431273, -0.30507534296667316, -0.30507534296667316, -0.6461380816186901, 0.04506263538608857, 0.3066980464768287, 0.3066980464768287, 0.3066980464768287, 0.7628679509518375, 0.3653727390739647, 0.430867903996898, 0.430867903996898, 0.430867903996898, 0.36579349877728357, 1.2209951895726465, 1.2209951895726465, 0.5248998190125449, 1.1940658996730327, 0.5078479740091302, 1.0644933574657327, 1.6145328378041237, 0.46267061098955886, 0.46267061098955886, 0.33513932453982825, 0.33513932453982825, 0.33513932453982825, 0.33513932453982825, 0.09453247064880221, 0.09453247064880221, 0.09453247064880221, 0.09453247064880221, -2.7995320393311984E-4, -0.25255799385625477, -0.25255799385625477, -0.25255799385625477, -0.25255799385625477, 0.41768699132019615, 0.41768699132019615, 0.41768699132019615, -0.38239978898565685, -0.38239978898565685, -0.38239978898565685, -0.38239978898565685, -0.14800777228901568, -0.14800777228901568, -0.14800777228901568, -0.14800777228901568, -0.14800777228901568, -0.14800777228901568, -0.14800777228901568, -0.14800777228901568, -0.14800777228901568, -0.14800777228901568, 0.3654365585926718, 0.3654365585926718, 0.16234869277567845, 0.16234869277567845, 0.353826150231653, -0.446614308265771, -1.4389715324652992, -1.4389715324652992, -1.4389715324652992, -1.4389715324652992, -1.5131324458786983, -1.0602452089222574, -0.1382981326799182, -0.1382981326799182, 0.02907478577207767, -0.2706714135189798, -0.2706714135189798, -0.2706714135189798, -0.2706714135189798, 0.36533072342620226, 0.36533072342620226, 0.36533072342620226, 0.36533072342620226, -0.923679457244527, -0.923679457244527, -0.9769500820549742, -0.9769500820549742, -0.7380522083998671, -0.7380522083998671, -0.7380522083998671, -0.1725398020346549, -0.02988072996184185, -0.02988072996184185, 0.42925345977855356, 0.42925345977855356, 0.13200570929349537, 0.3760754966718222, 0.3760754966718222, 0.3760754966718222, 0.3760754966718222, 0.3760754966718222, 0.3760754966718222, 0.3760754966718222, -0.8409846103170853, -0.8409846103170853, -0.8409846103170853, -1.0594941848920845, -1.0594941848920845, -1.0594941848920845, -1.3718528750794183, -1.3718528750794183, -0.6941223521067865, -0.6941223521067865, -0.6941223521067865, -0.6941223521067865, -1.188494126283278, -1.188494126283278, -1.188494126283278, -0.453668100374637, -0.453668100374637, -0.453668100374637, -0.453668100374637, -0.453668100374637, -0.18695068694020994, 0.277074335175361, 0.277074335175361, 0.277074335175361, 0.277074335175361, 0.277074335175361, 0.277074335175361, 0.277074335175361, 0.277074335175361, 0.277074335175361, 0.5443748520996949, 0.5443748520996949, 0.5443748520996949, 0.5443748520996949, 0.5443748520996949, 0.5443748520996949, 0.00337418333318118, 0.7496511640681355, 0.7496511640681355, 0.7496511640681355, 0.7496511640681355, 0.5837235380522263, 0.5837235380522263, 0.5837235380522263, 0.5837235380522263, 0.5837235380522263, 0.5837235380522263, 0.5837235380522263, 0.2589118790974272, 0.2589118790974272, 0.2589118790974272, -0.19192060526150112, -0.19192060526150112, -0.19192060526150112, -0.19192060526150112, -0.19192060526150112, -0.19192060526150112, -0.04640757915390861, 0.6093173384150682, 0.6093173384150682, 0.6093173384150682, 0.6093173384150682, 0.9622025178384792, 0.9622025178384792, 0.7759950604763408, 0.7759950604763408, 0.9267727353605917, 0.5686287550327125, 0.5686287550327125, 0.5686287550327125, 0.5686287550327125, 0.5686287550327125, 0.5686287550327125, 0.5686287550327125, 0.5686287550327125, 0.5686287550327125, 0.5686287550327125, -0.122649021427374, 0.6626641162117997, 0.6626641162117997, 0.2031884848343986, 0.2031884848343986, 0.36952894698015504, 0.36952894698015504, 0.3724009534606238, 0.3724009534606238, 1.1607741709626327, 1.1607741709626327, 1.1607741709626327, 0.6435655992070265, 0.3308686681006382, -0.1161566523449109, 0.4006736381291547, 0.73240484888577, 0.73240484888577, 0.73240484888577, 0.73240484888577, 0.73240484888577, 0.73240484888577, 0.73240484888577, 0.73240484888577, 0.73240484888577, 0.73240484888577, 0.6498751958748866, 0.6498751958748866, 0.6498751958748866, 0.031592356092908336, -1.0087302309754058, -1.0087302309754058, -0.5317897885009961, -1.1634659999863104, -1.1634659999863104, -1.1634659999863104, 