85.39796,6.750024,-19.024052,6.6526732,5.367653,19.348219,2.8509903,-0.77729505,-7.180683,2.731674,2.8275194,4.9440503,5.5236716,-2.8274636,14.759227,-0.08945865,6.9889517,-0.14222266,-6.644234,7.254422,-7.7230573,-3.8728893,13.837758,24.55481,6.1450334,-9.165003,10.15849,-0.9977139,7.2356596,2.5162184,-6.6238427,0.8136419,7.4067307,0.044187043,-10.520768,0.41693097,3.0635767,19.012589,16.694746,2.6193736,12.748338,-8.474685,6.0216136,13.826181,-5.073523,-6.248565,-3.9415052,14.368684,1.5246485,10.367975,11.788446,-0.024438137,13.914193,3.6614723,-9.642455,3.968189,2.0225222,-8.318099,5.4612694,6.749826,-23.409311,10.856099,18.433628,4.2499185,-10.355698,-14.36649,-8.924542,13.465969,1.2335298,-10.051021,-9.122155,-8.488544,0.4829157,-0.84127706,0.33912638,-11.878581,-4.5173025,10.728366,1.4708345,9.553035,-1.9485794,-5.534646,-2.9831572,-12.899067,5.3428693,7.2965317,-1.998082,-7.2045016,4.6267314,-0.67106336,-1.471174,-12.955339,-11.494467,10.418251,0.33862156,9.906565,-3.6577017,11.312253,17.6198,4.2592926
6.750024,97.65388,-4.9124293,6.4188724,17.153059,4.975916,4.072522,-10.053223,0.9463293,10.590907,14.852123,-17.962267,-6.1190047,19.307524,3.6651053,-10.20196,2.692411,-13.978068,6.3081684,-12.055343,-16.254166,14.980078,19.029816,-2.780464,-3.8623853,-14.6421795,-6.533886,6.9351397,-7.8808637,5.9580984,1.4027301,11.532556,0.8514493,4.6161203,-9.806527,-12.531298,-10.34858,15.5887375,4.3099585,0.750995,0.2484156,4.595526,9.159932,-8.93035,-0.041341897,-0.12328797,-19.195068,-5.4467254,21.085855,4.813592,4.629333,-4.3833466,-4.8901873,-7.026882,-8.071979,1.8173317,5.9733477,-7.101102,0.67327106,15.475215,6.276451,-2.1083384,7.6387243,4.6144595,-8.981425,-4.925703,-5.5992393,-5.672728,4.1740737,8.173607,-5.0919247,12.784168,10.995792,12.219547,8.045727,-5.1371703,7.306834,10.525782,10.352904,5.10388,-1.5920848,2.2558022,7.856748,-17.314157,-0.15042223,14.18206,-12.202451,13.730516,-5.02153,-20.324663,-1.1437544,8.027171,-6.0377817,-1.5511241,-6.512979,18.429514,-5.2251806,11.003967,15.469703,7.784051
-19.024052,-4.9124293,119.65792,-2.6040611,-12.404448,-6.7296076,8.808622,-4.1386456,10.537477,-14.795414,6.8950667,-6.0339694,7.789904,4.4263415,13.052508,4.429387,0.21972908,-4.6591277,11.491044,3.7828133,-12.031551,-6.848952,-0.6638892,-4.2543736,-11.38057,0.9191269,-12.672072,-2.8986826,8.546315,4.220213,-15.676195,-8.287883,18.591589,-2.4759092,-4.7595363,-0.031561498,8.736083,6.223813,-17.747213,-17.819921,1.88356,-6.323884,5.8690343,25.476711,1.9157252,1.7951065,-1.4001724,4.3607965,10.326431,-8.411578,-4.449605,-4.022841,7.9752836,-9.679795,-9.98024,2.7338626,2.738994,-3.7972004,0.87292695,3.0917232,8.727156,2.9747622,-2.0427408,-1.234095,14.964884,-8.610557,-5.2102556,8.576197,-7.161004,18.106314,4.967843,5.055087,6.993623,-9.9141,20.72199,8.829785,3.074099,35.61509,4.3551755,6.354972,15.543372,-7.2243004,-6.9182596,-1.9294676,-7.9362755,-1.9384024,11.335431,5.6603756,-1.5259038,16.162954,10.632983,-7.267833,5.947214,-0.6411493,-1.7914245,9.2556505,-0.57004595,-10.738948,27.536472,7.106879
6.6526732,6.4188724,-2.6040611,92.53491,-3.7666671,-2.1864338,11.555691,-9.190514,1.2510798,-18.145456,-5.7353425,-7.931501,-5.001406,12.776442,3.6819763,16.624233,-2.0721426,2.4466403,12.850535,13.099951,7.0932837,-3.2077663,-8.250129,14.494959,-14.5289755,-16.102734,-17.742239,0.12172546,9.494595,1.9630655,0.9554143,-2.7483442,-18.964245,-0.967645,-5.2648897,-5.2397594,2.5051577,8.53683,13.743226,-6.745345,1.4065058,-6.5977783,7.5837636,8.575639,-4.645568,-7.8406982,2.2145257,0.7810608,5.0932975,-7.82785,6.2549057,0.8436002,-3.260218,11.447164,-8.98422,20.535639,-5.309238,12.846866,9.975915,16.046139,8.374408,15.174872,8.814746,-6.2458773,-8.100197,-23.758905,13.206059,-0.7283506,5.4047127,3.4316325,1.5453762,-6.7742767,-2.0957022,4.909559,-5.7255235,-21.222122,-7.933452,5.506903,20.7424,5.9071345,-0.83221555,-17.893951,-4.358141,-22.361376,-15.9246435,21.6683,9.041954,-13.841474,-3.2902622,-19.123617,-12.974086,0.96836966,-1.1673863,-13.540942,-2.3453493,3.2959664,-21.317856,1.7540121,0.10518646,-0.23741913
5.367653,17.153059,-12.404448,-3.7666671,80.89349,-1.3379552,-1.8260272,-6.7209134,3.956971,18.885674,-0.23358998,9.93287,5.9452953,1.3298553,-8.278224,11.994342,-10.557141,11.787009,0.10925828,4.8976183,-16.917871,1.2332914,18.949512,-2.9087114,-7.67893,-4.0708127,9.079391,-0.77420485,-8.188799,-9.036279,4.2957697,0.09152967,5.9748516,5.866742,7.1836524,-0.07590482,-3.0353208,-0.8673113,18.44423,14.3937025,9.291318,0.42569733,9.344116,8.243884,-10.170883,4.5382805,-14.020778,10.557614,7.806353,12.498263,16.573858,13.3919735,-10.412123,-5.2070947,-7.0847015,8.065428,-3.26745,-4.7123055,-5.577283,10.076871,1.2331693,-8.603417,-12.356311,11.8094425,-0.66359824,9.2291,11.255974,10.387355,-10.349775,-4.5304255,2.3008466,-1.5315496,-4.933947,14.918259,11.085599,-11.659371,9.434648,6.41584,-1.8376148,0.19906375,4.305854,4.058159,11.051431,-3.3233356,5.9000554,6.647008,-10.749604,-7.3257823,5.4992943,2.8429592,15.598025,-20.534443,15.116705,-7.9047017,1.664637,19.54385,-1.1722932,-0.6521876,8.374416,-4.1303277
19.348219,4.975916,-6.7296076,-2.1864338,-1.3379552,94.47897,0.0821809,-1.754033,-10.98976,5.6207743,-1.0409768,13.460238,-8.197105,6.2979126,-8.802891,-6.547991,7.8555365,6.8334713,-3.158084,-2.7620313,-13.9300165,-7.9861298,9.5696,4.2825613,-6.0944037,0.2967439,-4.221334,5.7882543,7.672425,-0.06598094,-4.024161,-10.366802,-2.365138,11.127944,6.9991736,11.6931,-2.0437312,9.672939,2.1410916,13.6700735,-8.744102,-9.311436,-12.28505,-18.888254,3.5949697,4.1738663,-15.127872,-13.265917,-11.886719,1.6587058,8.830934,7.7600737,-23.434155,3.0328135,0.07195442,-32.31114,10.66234,-6.828259,1.4086518,19.728336,8.192558,-15.035601,12.633201,0.7250832,10.695826,2.069632,-13.599521,10.378042,11.810995,-5.677248,-2.1089208,8.088779,1.2261897,7.761234,-9.552967,7.6140957,-7.3652387,7.8286076,12.428083,-2.2280302,8.374473,7.6449456,-0.77027553,1.0836083,2.9264972,7.122005,10.524619,3.463863,0.9182486,6.753261,2.0547316,-8.661143,-2.0895684,3.3042758,10.777823,-6.349114,3.0961776,0.8958801,9.647122,10.807289
2.8509903,4.072522,8.808622,11.555691,-1.8260272,0.0821809,111.30081,3.3594227,2.4067338,-9.857409,-22.676067,11.550861,-5.2731977,15.396002,6.27337,11.889004,12.623261,2.6669023,-5.863481,-6.249872,12.87353,-3.538363,-1.9580042,3.0581481,0.68548185,-5.9868965,-10.803227,-1.3179137,7.846091,-0.37539855,-7.5075173,5.0166745,-6.1814685,-25.472736,8.74546,-11.919403,16.3021,20.798706,18.918877,-6.7904134,-8.118353,-18.962908,16.258379,-14.003114,4.770017,-4.546039,-1.9197448,-7.6694503,1.8422495,7.977537,-10.413871,-22.518114,-6.5560107,-7.2619057,4.1960707,-5.567316,-3.2923696,12.145568,-3.6465716,0.08277071,15.916118,17.389599,4.887668,-4.8970485,8.770539,5.0575356,2.375592,27.775143,9.306159,-21.635983,6.3638687,-8.391357,-0.44799185,8.256468,9.015195,7.1176043,5.2195563,9.127941,-0.081823744,2.7809763,5.189447,8.219727,9.185511,-6.4222503,-12.757345,0.70195836,-8.779679,2.2255566,-0.40070286,-8.580522,-8.888478,-8.327871,-8.60727,-16.240053,5.798821,4.0299945,-4.951019,9.750406,8.075314,-0.43081403
-0.77729505,-10.053223,-4.1386456,-9.190514,-6.7209134,-1.754033,3.3594227,94.31575,14.09722,-6.811248,-13.298005,-5.847621,5.4575124,-8.788249,-2.908123,-6.6164923,5.645106,4.4670124,-8.055785,-6.5019097,7.4094944,-7.6010323,2.7608767,13.999882,-10.520177,4.6579423,6.316247,-1.3947014,5.1926455,-3.3333285,18.902195,-14.71095,-14.298437,0.3354274,2.6753623,-5.635624,-19.880394,-5.4915476,3.823822,14.443166,-11.819713,-3.9833515,-3.3279414,-6.493638,8.056081,7.542871,18.638111,11.476362,-15.0867405,8.503828,6.717191,-1.0335687,2.7044475,21.165764,7.940365,8.691036,11.925369,-3.9336412,1.7437671,-12.909843,-9.137411,-20.520782,4.4491096,22.796207,3.6243837,3.2792103,0.10945981,7.101904,0.9046968,-37.47527,4.1044354,0.8467755,8.916369,-15.609499,5.8858094,2.9996276,-4.0977054,12.717864,0.9162607,4.657845,-18.965582,3.2803786,-9.680801,-3.3394284,3.8827322,8.513536,2.2820287,-5.4412594,-5.8833222,-6.1984262,-5.1222153,9.7419,-0.86739653,22.18278,-0.45365542,5.1005,3.7202954,-12.005489,-14.253917,-11.290954
-7.180683,0.9463293,10.537477,1.2510798,3.956971,-10.98976,2.4067338,14.09722,100.9597,-0.004552123,19.367222,0.86031395,9.295042,12.547096,-18.793613,24.386457,1.1647086,17.683296,8.382533,-23.993025,7.3869047,2.1712108,-5.4237604,7.6060257,-13.577328,19.71447,-0.024313528,11.953803,-3.3638275,-4.922094,3.9967072,-1.990478,-1.1937033,-9.672402,1.6394083,-0.32893163,0.75034124,-9.294688,-0.4621804,-10.268486,-12.065285,-20.268381,2.9669344,8.328016,-9.386133,15.902669,9.948114,1.6903765,-5.9721794,8.632749,-2.1077795,-0.6899238,8.686685,-0.64724934,9.418087,4.346671,21.069763,10.897685,-17.45048,14.315132,4.72746,9.32184,-13.307012,6.780798,-4.531508,10.84693,-3.9398646,14.804,-6.347564,1.1641927,13.180947,-1.0453241,1.6870859,-22.254347,26.454931,0.12070842,3.4148078,14.328499,-3.9660976,0.60378313,-12.451046,-14.214531,-4.6238437,3.7076735,-3.3111153,4.3713737,3.5019026,-10.322639,-5.5224166,5.217278,7.895769,-3.6499329,2.4081566,-11.412448,0.500129,17.144127,-0.49869275,-19.966648,14.511979,5.411459
2.731674,10.590907,-14.795414,-18.145456,18.885674,5.6207743,-9.857409,-6.811248,-0.004552123,112.41301,-11.606786,0.16198954,15.617739,2.7995195,-1.5136541,-19.170086,3.6878092,8.954652,-2.0283172,-5.1487575,-23.030317,-16.88061,14.376254,-5.555237,7.8517604,-6.03317,0.39964172,9.689838,-6.200329,-6.095233,7.3768077,18.754227,-4.363263,12.885321,-3.5157843,14.23644,6.617942,-11.586513,9.072171,-0.979711,-17.84256,-19.008144,3.302359,-26.374134,-18.043636,1.8476079,-8.691749,-19.89128,0.9085497,0.8144187,-1.3685013,13.1580925,-8.5950365,12.232145,15.473956,-7.7508116,9.869039,5.054082,-0.32043996,8.915372,18.794722,-8.009025,5.2194066,-2.7141047,-10.699274,3.5292695,-16.432863,-0.8834387,-0.51490664,-10.227393,-16.579401,0.51393574,-13.240906,-15.16384,25.083858,-6.2027926,-3.2519903,3.4707477,5.0956974,0.2459462,-8.801725,3.5763402,3.7865891,13.655935,1.9613553,4.0102625,-16.264168,12.160169,1.6783779,3.4251416,10.802364,-17.201557,10.541364,9.449142,-6.4321375,6.706932,-4.473623,-9.356943,-3.1555958,10.6769705
2.8275194,14.852123,6.8950667,-5.7353425,-0.23358998,-1.0409768,-22.676067,-13.298005,19.367222,-11.606786,121.34239,-16.626389,-3.1915903,14.79986,2.4490368,4.5418053,-5.043056,1.4712921,9.536253,1.1727732,-0.25059575,-1.763255,8.054563,-1.7892356,-1.4961504,5.8494406,-0.013938682,-11.87057,-15.71817,-11.343372,-10.733904,-4.087773,5.1942077,11.826007,-5.3265452,2.4776855,-10.506728,11.813819,-3.4131687,-1.7616442,1.356535,33.40764,-2.6748042,-4.634704,18.808744,0.42966685,-5.4229393,-6.4172416,-5.1952915,-5.305915,-1.8911906,-5.9621215,-4.7885647,-14.644176,-11.54821,-10.483251,-8.432878,13.164274,2.0829363,8.443369,-3.0731852,18.734562,9.218857,-12.828941,9.276711,7.679696,-4.9264107,-10.119805,-13.084071,0.30828032,-7.059312,24.874182,25.95147,0.88212186,-8.266278,-8.187789,-4.877598,-1.4919688,-4.475869,6.5069265,2.803131,-3.777299,10.788499,8.450565,15.511173,4.56587,11.152076,-5.0809774,-15.539823,1.3689346,-13.58167,1.3762468,7.3576016,-6.167409,-15.329283,7.8668323,-3.048133,1.093126,27.92856,9.962255
4.9440503,-17.962267,-6.0339694,-7.931501,9.93287,13.460238,11.550861,-5.847621,0.86031395,0.16198954,-16.626389,104.20877,2.8389382,-6.0571485,6.932966,1.2802681,-0.868403,20.864647,13.234539,-16.984838,-7.2865686,2.5548427,-17.337326,-4.6370015,-4.600772,7.65545,-6.3070064,15.971858,-5.3247404,-10.5440855,6.4677496,-4.9472795,-9.346214,0.773946,8.843757,-1.7302456,8.280392,-3.0581918,0.7477985,13.970307,0.23358595,-13.754134,-6.2940364,1.279648,0.73705286,-8.788205,28.878069,4.895932,-9.903319,14.417142,-2.111843,0.023917815,-3.9602249,-1.566717,19.264477,12.483665,-2.2199426,2.3839273,-8.780561,16.211573,-11.706614,7.327195,2.645207,-0.37327832,-2.5228481,3.6943378,4.6512628,12.191992,5.885779,6.050153,-7.031581,0.6473316,-4.780977,9.036427,-4.5637054,18.617188,9.6483135,-1.5116484,-21.526442,24.507998,-4.125201,20.123924,21.105324,10.234184,-8.428772,-6.7579956,5.303385,-2.6991332,6.887051,-8.933079,4.2383657,-18.740202,9.50741,-7.830065,-4.527137,-12.545323,16.680264,4.7601085,-19.34304,-15.111874
5.5236716,-6.1190047,7.789904,-5.001406,5.9452953,-8.197105,-5.2731977,5.4575124,9.295042,15.617739,-3.1915903,2.8389382,96.006966,8.284777,4.030187,2.2270596,-7.56105,4.2311997,-2.5862963,7.51059,1.2197759,0.94801986,-0.1362476,-2.7946358,-19.788692,15.649282,0.6166293,3.0336382,10.680958,-11.003633,11.314639,0.44883808,3.2125778,1.7082195,-13.99722,-3.3232417,-15.3579235,14.881744,7.684869,-1.3054798,11.480722,-0.45624247,1.8461204,17.252222,-8.692534,8.984722,3.1891572,5.563537,12.684975,19.292183,5.4741316,8.130834,17.165285,0.11293907,13.389303,-1.4232179,0.5020732,-5.93977,-16.684792,5.413206,-11.61595,6.711606,8.141801,9.151957,10.845394,4.5923853,-15.064135,0.91112715,-15.09137,-10.901302,14.085586,-4.8291645,-7.7626233,-24.571043,11.828363,-14.9863615,14.962458,11.237773,-0.16639178,25.13999,13.2064085,-13.492438,-17.615036,-10.938967,-9.228466,3.9383404,10.329348,-6.5037107,-6.5982127,-0.55894387,-4.653998,-2.846293,3.6694613,6.5927505,4.5516443,10.323755,6.1708775,9.159746,13.897395,-2.3430169
-2.8274636,19.307524,4.4263415,12.776442,1.3298553,6.2979126,15.396002,-8.788249,12.547096,2.7995195,14.79986,-6.0571485,8.284777,104.26012,-16.809887,4.070341,8.461537,-3.0035207,5.8748393,17.835165,8.880306,8.078636,-7.9516535,8.238135,1.345165,5.877526,-14.370363,-2.742835,-8.749143,-1.2530767,-1.6645747,3.5684807,1.8544698,-0.97943044,-14.260291,2.2459936,14.188049,10.422371,5.2126837,-12.545105,0.050465018,-2.5293252,0.8098189,-3.5222502,7.4321985,-0.98497623,-14.735441,-15.690037,1.4575126,-0.071307674,-6.6652756,1.0936272,10.696619,-6.685556,11.409268,5.1834793,2.7622602,6.5566025,0.71142346,21.775583,-3.9669979,4.11705,9.376094,-13.762422,2.2222784,8.1012335,12.523826,-1.8639498,-6.755933,-9.059409,-13.67254,4.3189316,-1.881854,-0.9003758,-0.9901842,4.0589204,11.587645,-1.4831368,9.358714,-5.334155,-2.840722,-9.353118,-9.194946,-9.826447,-6.2442884,-1.1755235,9.136257,-6.86742,-10.214972,-16.81473,-2.4529169,9.924591,-24.172426,-13.566216,8.67401,7.5476193,-5.8592615,14.29656,14.937196,11.605715
14.759227,3.6651053,13.052508,3.6819763,-8.278224,-8.802891,6.27337,-2.908123,-18.793613,-1.5136541,2.4490368,6.932966,4.030187,-16.809887,118.92063,-23.856234,-6.5824614,3.6939325,4.983836,-15.023813,-11.234726,-3.3346705,2.7934232,-6.2079825,-3.2476883,-18.344017,-4.8109813,0.4407448,2.7475677,-0.1801961,-6.9941983,1.6028697,-5.9629393,-3.6636662,6.338245,7.99057,-10.980778,21.728283,4.1743264,-24.934507,-5.599776,17.071098,10.113225,13.059834,3.9058464,-15.7011595,15.714331,-9.811317,6.4816413,4.1203895,-3.8638942,6.790443,3.6559494,-2.3175504,3.0138185,23.85549,-1.6382662,10.641922,-0.39783752,-6.3634934,-1.9497106,6.166524,5.0865307,-9.583404,-0.65954566,-15.00199,6.8969736,-8.710411,12.130915,3.4665847,-21.084034,-18.816021,-4.7497544,-6.5337534,-3.4315898,-14.937209,-3.51322,-7.0630155,-9.91665,16.43817,16.771738,14.428376,10.9839,-15.779623,-17.38301,-5.7276435,-8.785428,-7.472971,4.064821,-34.243675,-1.4149691,20.272766,-4.9131713,-7.630057,-11.341262,-13.261106,8.843262,3.0209522,-2.2209005,-7.9159913
-0.08945865,-10.20196,4.429387,16.624233,11.994342,-6.547991,11.889004,-6.6164923,24.386457,-19.170086,4.5418053,1.2802681,2.2270596,4.070341,-23.856234,98.31442,-19.333317,6.957725,18.605572,8.160285,6.310162,-3.987321,-9.801542,-0.44886565,-14.328814,2.5339055,1.5889816,6.0682364,16.225193,6.1018963,-20.083073,-14.8840065,0.73652667,-0.13423549,8.457163,-3.0056307,17.617933,-18.402887,9.885383,-0.12389385,5.40917,-10.081545,-3.1443498,6.8098936,-12.226996,9.680321,-4.8427286,-1.0733247,0.35729396,4.5316234,-0.43889356,-15.318226,-2.660729,-3.6855388,3.135093,-0.8244369,-1.5080892,8.835842,-4.4128785,6.7231812,5.378988,-2.7097948,-3.1657052,-4.9588413,-8.196291,-8.656466,0.05971208,22.201153,-14.792966,7.339577,11.418036,-8.887831,2.0157793,-10.326931,0.82923996,8.772809,8.335684,24.592276,5.2058334,5.3735533,-5.8382654,-26.855362,-0.3047168,-4.5194426,-8.772792,5.020039,0.8159041,-1.4800934,18.189178,-0.8948907,-8.813871,-6.929825,0.5422269,-13.99882,20.205425,-2.6797264,-18.740448,6.963043,1.8961384,-3.485958
6.9889517,2.692411,0.21972908,-2.0721426,-10.557141,7.8555365,12.623261,5.645106,1.1647086,3.6878092,-5.043056,-0.868403,-7.56105,8.461537,-6.5824614,-19.333317,81.86002,1.8242245,-9.632106,11.092612,-1.594028,-10.806938,1.1821691,-5.5668106,16.919823,6.9476037,-9.140879,5.939471,5.6709104,-6.735516,4.4875617,3.4350898,-19.829103,-6.010899,4.7593904,-0.55125487,-3.5024133,0.21881199,3.1613047,1.201177,-17.56218,21.958681,-0.51463884,2.6600115,-6.153903,-8.837022,3.6119006,-7.976009,8.168018,15.955292,-11.25283,-12.2182455,19.14899,-6.1902447,1.1834948,-8.835955,12.816874,-18.425812,25.048609,-1.8166046,17.539888,-2.128406,-1.31576,-8.395403,-1.1599468,3.343099,7.8285823,-2.919057,-3.0114286,-2.4416285,5.390062,5.5450144,19.260344,3.3068407,4.5240564,-2.8723164,-8.788815,-9.266907,-0.21669501,5.295003,-18.554087,2.5225253,6.6424613,-3.1458592,1.5477902,6.0855813,0.7879367,-15.183331,2.8772585,-0.71331966,3.3974135,1.7931573,15.59405,14.0677395,-4.2209463,7.224346,6.0964413,4.467249,-5.6942396,6.1968555
-0.14222266,-13.978068,-4.6591277,2.4466403,11.787009,6.8334713,2.6669023,4.4670124,17.683296,8.954652,1.4712921,20.864647,4.2311997,-3.0035207,3.6939325,6.957725,1.8242245,76.96969,6.9415936,-13.695264,-17.601192,3.8538623,11.93277,15.9520645,-7.66816,0.063818745,-13.881472,6.622447,-21.41201,2.6044197,-3.271382,-4.521072,-25.76731,10.735389,8.769526,15.699689,8.184842,-1.7094388,-0.456618,15.578437,-12.514092,13.48914,1.1477752,-2.7844453,2.1373553,2.852205,-1.6820351,11.940619,-11.236793,10.856831,12.189715,-6.4498672,7.6893983,-1.3655769,13.6695,13.978234,19.154049,6.083505,1.6474597,19.392693,4.6241326,-15.199475,0.72838455,3.0776432,17.143827,-4.0363073,-18.009783,6.6071324,-6.7293825,-0.8921707,-3.8814285,1.5808358,1.7529086,11.002772,16.174877,-20.226656,-24.627558,6.227004,1.9716322,1.2770112,-11.240297,-7.1714,5.80435,-7.789861,-10.729993,-5.029857,-2.100285,-15.3802595,16.820248,-0.78111684,-3.1329954,-17.752693,-0.76879144,1.2055802,4.4255414,23.809677,12.636042,-21.400557,-4.775597,-8.163252
-6.644234,6.3081684,11.491044,12.850535,0.10925828,-3.158084,-5.863481,-8.055785,8.382533,-2.0283172,9.536253,13.234539,-2.5862963,5.8748393,4.983836,18.605572,-9.632106,6.9415936,93.74591,-4.918117,11.128123,-7.962225,-7.129762,-5.8250303,-1.9792287,-12.314153,-1.0621662,12.058545,-0.18744475,2.0136948,-12.839109,-7.503616,7.13402,0.26792225,-25.668127,11.088527,-7.168704,2.335102,-1.298047,7.4180713,-8.162102,-12.998981,-5.103246,-1.7495481,1.8418957,1.9113375,9.489103,-19.401155,8.899272,1.124754,-2.9695926,-15.686957,8.801176,5.5709667,-4.96564,0.7667137,-2.8298955,-0.70050585,-1.7453183,14.796956,-1.0468762,-16.995186,11.444995,-6.1032786,-3.6068568,-5.117716,1.3586401,7.939242,-15.819484,4.379511,-2.7641995,6.278181,-7.2643075,-1.2703164,-2.583852,-12.622429,4.5352845,15.8801985,11.36001,-2.4129772,-3.5821042,-16.877165,-7.6351495,5.8821187,2.1581156,-13.977552,17.027086,-4.1778197,-4.645269,-10.2182045,10.920857,-1.9395926,-9.7939415,-4.810081,-3.3131137,5.3678827,-15.79133,-1.1636167,-6.431237,-10.264729
7.254422,-12.055343,3.7828133,13.099951,4.8976183,-2.7620313,-6.249872,-6.5019097,-23.993025,-5.1487575,1.1727732,-16.984838,7.51059,17.835165,-15.023813,8.160285,11.092612,-13.695264,-4.918117,107.31535,-3.1100807,-6.6155157,-5.85375,-8.230057,-0.18667841,0.6603822,13.089824,-0.09072986,8.1555395,8.651503,0.8165072,-3.4340255,17.706625,11.567721,-8.690958,8.210959,15.996213,-5.0153837,-1.0034628,4.917373,12.499741,13.986788,9.43246,20.357204,6.156554,4.4968457,-0.44423,8.356093,9.180124,10.582102,7.503611,8.298185,-16.141483,-2.9730577,-8.875093,-9.0406065,-28.74359,-4.512564,2.5864866,-1.2977061,-11.164501,2.7028275,2.18127,1.0082873,2.1912987,4.8800025,7.6845746,-5.8179655,-9.290818,-2.8500805,-10.055154,23.333078,2.7410226,12.854846,-5.568468,10.172831,-5.8508067,8.298673,5.13236,5.84551,-2.9691756,-4.493453,-15.641032,-13.425979,5.2455354,1.3259826,15.128168,-23.519857,-1.3288168,11.416334,0.46425804,-3.213706,2.1070442,5.532792,8.576668,18.037027,-4.103252,18.997604,15.30494,9.129185
-7.7230573,-16.254166,-12.031551,7.0932837,-16.917871,-13.9300165,12.87353,7.4094944,7.3869047,-23.030317,-0.25059575,-7.2865686,1.2197759,8.880306,-11.234726,6.310162,-1.594028,-17.601192,11.128123,-3.1100807,96.68594,-12.838567,-8.777915,10.119724,12.423702,6.145635,9.92745,-17.558163,17.322046,3.5734372,-2.6060755,-1.662981,4.6895323,-13.119326,-17.723879,6.482208,1.5686718,3.2132044,5.836295,-23.373571,-0.25967136,-17.237581,-2.8127694,-5.0976553,16.98608,-3.5801585,11.416285,12.177992,1.7994214,-15.789353,-8.834089,10.616838,7.3852496,0.07164044,5.449955,-9.527466,-6.76237,2.6175818,11.550242,-10.641881,-4.810198,1.9545746,2.7924771,-18.515205,-7.45605,3.9296718,10.172931,1.9051234,-4.271694,-8.113048,4.0091357,-4.817193,-6.453204,-5.797251,-6.869171,5.1104918,12.420359,-0.117350936,2.0869613,-6.4411583,5.565148,-12.1023655,-1.1360832,-14.706562,-10.100407,-4.93072,14.151387,5.0080867,-18.909431,6.209873,1.272428,-1.5939821,-9.630431,3.088077,-1.7331716,-30.114693,-14.69536,2.7253976,-12.432335,-5.4286323
-3.8728893,14.980078,-6.848952,-3.2077663,1.2332914,-7.9861298,-3.538363,-7.6010323,2.1712108,-16.88061,-1.763255,2.5548427,0.94801986,8.078636,-3.3346705,-3.987321,-10.806938,3.8538623,-7.962225,-6.6155157,-12.838567,88.54446,-14.89226,8.305497,-10.128469,0.7497391,1.8944095,-7.782033,-7.5337358,-3.6337945,-2.03639,6.2020235,-10.187005,15.519157,9.109357,-13.979125,0.6152736,1.7049495,-7.205429,11.356501,2.027631,10.827348,4.42145,4.548281,-1.0811969,-14.495627,-16.769606,-4.9819903,-10.08314,6.084657,-3.8524146,-2.6868472,-10.390296,-8.576413,6.7073298,-5.7550836,7.467306,7.688724,-12.491119,14.574596,-9.754753,7.8240194,-7.4707212,2.9115877,23.404953,-2.4059167,11.768498,-0.954338,11.5376835,-2.3243988,0.95524096,0.96733993,-14.775007,6.8153887,0.2770659,-2.4207265,5.086438,-24.144684,-12.245273,3.3463287,0.20456396,16.36319,-7.1284842,2.5288184,-2.2828043,-18.84547,0.75056857,-5.907573,6.1809115,9.058213,-1.5535126,5.1894145,-10.737452,-14.294271,7.493858,15.96368,2.5155053,14.324209,-13.566533,-9.0925665
13.837758,19.029816,-0.6638892,-8.250129,18.949512,9.5696,-1.9580042,2.7608767,-5.4237604,14.376254,8.054563,-17.337326,-0.1362476,-7.9516535,2.7934232,-9.801542,1.1821691,11.93277,-7.129762,-5.85375,-8.777915,-14.89226,94.16404,24.104006,-4.60504,-11.913667,11.594242,-9.532127,7.65668,-6.668632,3.1335511,5.6570406,5.4877496,5.263499,-2.5028245,4.991302,-4.6826468,-3.6315525,12.53958,2.2889786,4.2079325,4.671763,6.3629293,-4.4823318,-7.641483,19.876154,-1.9186947,-4.308781,2.9789786,-1.6094681,21.200945,-2.0484846,-4.388753,-4.214614,-10.606526,-5.214046,11.479472,-2.7108319,12.574819,-16.833385,8.217501,-16.082882,-7.4428596,-5.942676,15.43931,10.353012,-5.663544,3.6354597,-0.49435145,10.899527,1.1222723,0.039165758,0.6902521,14.759377,10.260773,-16.184158,-7.2218876,-6.916214,26.249512,-6.239928,-0.7163243,2.850609,11.430475,-7.46242,1.645806,17.513535,-2.5795658,-5.2460876,-10.287167,12.068098,13.31149,-16.818914,-6.3484774,16.062479,-5.2282233,13.183915,-8.814423,-26.203554,3.5772488,-8.3920145
24.55481,-2.780464,-4.2543736,14.494959,-2.9087114,4.2825613,3.0581481,13.999882,7.6060257,-5.555237,-1.7892356,-4.6370015,-2.7946358,8.238135,-6.2079825,-0.44886565,-5.5668106,15.9520645,-5.8250303,-8.230057,10.119724,8.305497,24.104006,123.93209,-4.5613756,8.7160225,5.8274274,-16.695219,10.765546,4.003404,1.4775586,6.7567887,1.0355797,11.694693,1.1716695,11.650721,-11.415605,8.435385,1.9130158,-10.846242,9.149671,-2.655034,0.19480921,2.1385245,14.921595,7.2846017,3.8737001,35.937435,-10.194455,-17.747099,12.526926,-2.897318,18.395885,7.73323,6.9803944,14.325742,10.644068,-7.792903,-0.6701583,18.764389,-12.185799,-14.437465,14.247549,0.66820884,5.4904327,-7.613953,0.74896747,16.970064,2.5312612,-17.360853,-0.8023499,-12.813589,-9.902389,-7.6121755,16.098959,-25.062216,-5.745766,8.67852,-1.3658105,-0.32314652,-22.605766,-0.15853108,-1.7489314,-20.546768,-5.955619,18.753897,2.8886678,-15.433899,-1.845763,6.0821586,-7.5014443,-0.0574744,-43.479874,0.79828507,-17.758474,15.693993,8.891909,-19.243216,1.074297,-3.486522
6.1450334,-3.8623853,-11.38057,-14.5289755,-7.67893,-6.0944037,0.68548185,-10.520177,-13.577328,7.8517604,-1.4961504,-4.600772,-19.788692,1.345165,-3.2476883,-14.328814,16.919823,-7.66816,-1.9792287,-0.18667841,12.423702,-10.128469,-4.60504,-4.5613756,92.78259,1.0859518,-12.034198,-14.019672,-2.4275358,-10.084389,5.584466,2.0187373,11.868475,4.7292056,-1.6796244,12.923567,6.728665,-14.93837,-18.348139,1.3038611,4.741961,-7.385248,-5.296756,-2.2215383,8.473709,0.8730452,-12.183164,1.0715762,19.252272,-24.354177,6.9634995,-13.444345,18.467407,-7.658133,0.98308593,-9.571575,1.0962607,-12.0977,14.590721,-18.140654,-7.438952,10.763968,15.8239355,-12.4248705,1.1073786,3.3784866,18.111458,-14.283502,-8.001117,-1.8141296,-23.632538,-1.4575992,21.815025,-12.456103,8.305665,9.488277,-0.5552208,-18.553993,10.298191,-14.449026,-6.551834,-2.7200358,-1.6339307,12.702529,13.601032,4.419783,-7.3137054,-1.1255177,0.13120845,13.291825,-5.466251,1.9023057,-4.463548,9.755992,-2.8460004,-1.9509227,7.1371183,8.774445,-6.074859,-4.5984225
-9.165003,-14.6421795,0.9191269,-16.102734,-4.0708127,0.2967439,-5.9868965,4.6579423,19.71447,-6.03317,5.8494406,7.65545,15.649282,5.877526,-18.344017,2.5339055,6.9476037,0.063818745,-12.314153,0.6603822,6.145635,0.7497391,-11.913667,8.7160225,1.0859518,85.8772,5.127292,7.484411,0.4173688,-1.781249,15.21029,14.0891695,-7.6681643,-0.8348505,-2.3619025,-3.2831154,7.329366,21.479576,6.178526,0.5733852,-0.34925178,-5.905549,-6.7982616,16.508598,10.794117,7.123381,12.204844,2.1882575,-13.676392,13.379731,-12.048633,17.889967,25.457224,-7.717257,-1.4260503,-4.365669,20.80824,-8.309723,-5.8394017,10.376233,7.2846603,-5.978277,3.9583085,-10.305532,6.325008,22.23336,0.07096312,-8.637133,-9.488812,-34.788563,-1.8636124,11.416272,2.0202882,-10.8191595,3.600971,6.9627705,9.010281,-6.1263075,-5.902444,-12.513805,-5.2040567,0.053121727,0.28619736,3.627031,-8.671915,3.3534768,-7.034957,-0.026782088,-1.734841,1.7909817,-10.030952,9.021201,2.9388177,-6.408266,6.595284,-4.4378433,19.549103,6.2090263,-10.684716,-10.697975
10.15849,-6.533886,-12.672072,-17.742239,9.079391,-4.221334,-10.803227,6.316247,-0.024313528,0.39964172,-0.013938682,-6.3070064,0.6166293,-14.370363,-4.8109813,1.5889816,-9.140879,-13.881472,-1.0621662,13.089824,9.92745,1.8944095,11.594242,5.8274274,-12.034198,5.127292,95.16047,1.8999095,-1.0589908,9.252597,2.8747032,1.0194068,10.578037,1.6516131,-3.7970753,-12.66269,-7.7874994,-5.6341863,6.1546597,-4.3439655,-6.01241,-9.2385235,-0.24506143,-1.3057002,-2.615691,0.6702389,9.546626,5.9723396,14.7936735,22.488316,6.161155,20.084993,-12.964287,5.0036783,0.58014685,2.5002115,-8.895769,-2.2768846,-9.236263,-9.219973,5.6341615,-19.070944,-17.684793,-2.675849,3.7789922,3.5537403,10.549579,12.83327,-8.59641,-2.1757634,-2.1860993,-0.5618714,-4.0658956,2.1815534,-2.0890925,3.8050466,11.4220705,-14.163452,-10.830105,10.697729,9.139034,0.68522066,-2.084293,10.514278,5.115475,-2.2880087,0.66200113,-0.9143614,-6.6815567,12.233681,3.026465,-0.15026431,7.0280547,-2.4152884,10.509397,10.528945,-2.862863,-4.833222,10.758762,-2.3839571
-0.9977139,6.9351397,-2.8986826,0.12172546,-0.77420485,5.7882543,-1.3179137,-1.3947014,11.953803,9.689838,-11.87057,15.971858,3.0336382,-2.742835,0.4407448,6.0682364,5.939471,6.622447,12.058545,-0.09072986,-17.558163,-7.782033,-9.532127,-16.695219,-14.019672,7.484411,1.8999095,114.72745,-0.55173117,8.051771,-1.8416857,1.9081787,-17.36377,-14.237078,-3.5491798,12.436053,2.2090676,-6.725681,-7.296512,12.464158,-19.657553,-2.2066262,-3.0693676,-9.887595,-5.984528,2.1370265,13.722906,-0.5389231,5.985896,5.503803,-7.176074,14.021757,20.459745,21.532036,4.37085,30.994701,22.658133,-12.128434,-10.200314,19.907091,-2.4443407,-2.3432662,7.6656814,4.314561,-9.139666,-3.6023285,-13.889101,-12.369764,-0.939714,13.8897295,-25.376608,-7.1918063,-1.2018387,0.5343955,11.689437,25.664627,6.489874,-0.842456,5.188634,13.992046,-6.5099373,2.6427848,25.415962,3.8406909,-10.765784,-6.7821364,-10.579037,7.2357483,-7.4779687,1.2477583,-4.8816867,5.8497505,5.0978675,-5.2840567,4.971858,-8.1700115,-10.876232,-9.353285,-10.844116,-4.2858706
7.2356596,-7.8808637,8.546315,9.494595,-8.188799,7.672425,7.846091,5.1926455,-3.3638275,-6.200329,-15.71817,-5.3247404,10.680958,-8.749143,2.7475677,16.225193,5.6709104,-21.41201,-0.18744475,8.1555395,17.322046,-7.5337358,7.65668,10.765546,-2.4275358,0.4173688,-1.0589908,-0.55173117,106.23715,-1.1326051,5.493795,-9.771647,0.53441983,-4.302204,21.275316,6.5154405,-1.159284,0.9390656,10.02132,-0.391559,14.6031275,-4.1649294,-4.4234195,-7.032269,-3.2450397,11.977669,15.754946,-13.384735,-6.9935927,-2.1777043,-15.455801,-15.1094475,2.262846,6.4852123,2.3237958,-8.928372,1.2968923,-6.4721947,30.02267,-9.808051,3.5148146,3.9137473,-1.4339,9.82485,1.8447297,-4.4068565,11.760592,13.88217,6.335218,3.7072656,7.778784,-23.311728,-19.845259,-14.742385,-2.581327,13.480519,0.6988286,-1.3451979,0.60614866,0.9290206,0.8056654,-0.30878097,-19.58451,-18.155653,-7.7373347,-0.6714637,15.636796,-22.755892,1.2958496,20.09762,-13.02654,-15.170785,-14.449342,6.051405,-8.499035,-24.620613,-8.655912,24.923222,6.4785004,-11.744052
2.5162184,5.9580984,4.220213,1.9630655,-9.036279,-0.06598094,-0.37539855,-3.3333285,-4.922094,-6.095233,-11.343372,-10.5440855,-11.003633,-1.2530767,-0.1801961,6.1018963,-6.735516,2.6044197,2.0136948,8.651503,3.5734372,-3.6337945,-6.668632,4.003404,-10.084389,-1.781249,9.252597,8.051771,-1.1326051,75.2559,-9.694527,-2.0823402,13.758484,5.2058315,-1.583055,5.541071,-3.5363798,3.924776,-12.605041,-3.8449934,-5.078928,0.48405007,-1.9472054,9.474883,12.809036,1.6618146,-7.1770616,6.670281,-0.20421758,5.4500422,-16.352654,-5.0542936,-10.095795,5.2171803,8.235605,9.753369,2.995254,-3.7707214,-4.7099195,9.223276,-3.5229702,-7.250434,-7.4052067,11.588565,12.2956505,-0.29992673,6.938699,4.95549,9.027525,-0.34372073,11.733849,-9.570367,7.7975535,-0.52404696,4.4842806,-7.838502,3.016402,12.528682,-1.859828,-10.94322,-2.409301,10.347464,-10.082304,0.6396853,7.205049,-1.2215784,1.0079465,-5.483081,9.929059,-6.667954,4.346877,13.468728,-17.096584,-0.8204656,5.613352,11.471995,-6.455588,8.7478485,7.6073565,5.8166485
-6.6238427,1.4027301,-15.676195,0.9554143,4.2957697,-4.024161,-7.5075173,18.902195,3.9967072,7.3768077,-10.733904,6.4677496,11.314639,-1.6645747,-6.9941983,-20.083073,4.4875617,-3.271382,-12.839109,0.8165072,-2.6060755,-2.03639,3.1335511,1.4775586,5.584466,15.21029,2.8747032,-1.8416857,5.493795,-9.694527,93.22974,8.827638,-15.439591,6.071733,8.937935,2.6007237,-5.440775,8.3618,4.8068056,4.4222403,9.982543,1.1144961,6.101527,-1.6483229,1.1820136,-1.3141457,10.231869,0.17972253,3.7703416,13.309798,7.713379,9.513691,-8.511785,2.4803863,8.338112,19.680004,15.887852,-7.135498,3.0558465,0.4575432,-2.1259794,-2.2118237,9.578534,9.180833,-5.9201303,2.3936384,5.310528,-9.709519,1.5600872,-13.748945,2.2874866,13.605824,4.855896,4.467751,-12.758899,6.6228642,-4.5932417,-13.83536,7.261181,-4.4561424,-19.787367,2.4787579,0.7290065,2.411963,-2.238325,8.779231,1.5765258,10.292193,13.6369705,-21.42366,-10.06072,-7.16968,-5.366421,3.4310722,-13.26384,14.048017,5.563449,-8.175356,-22.82766,9.421373
0.8136419,11.532556,-8.287883,-2.7483442,0.09152967,-10.366802,5.0166745,-14.71095,-1.990478,18.754227,-4.087773,-4.9472795,0.44883808,3.5684807,1.6028697,-14.8840065,3.4350898,-4.521072,-7.503616,-3.4340255,-1.662981,6.2020235,5.6570406,6.7567887,2.0187373,14.0891695,1.0194068,1.9081787,-9.771647,-2.0823402,8.827638,76.51216,-5.4115505,-5.4639378,-1.8069525,2.5291374,-1.8969527,4.8994675,0.58961695,5.2649684,4.953746,-3.8582335,3.0304978,3.528712,-6.5458136,-24.13145,-8.608054,-4.23806,-1.6420398,-7.2934093,11.318043,14.524109,-8.444579,5.936508,1.5859579,-2.0673296,19.190193,2.6841245,6.7904935,-8.295933,8.441929,3.7779257,-0.23566121,-3.8805513,0.6747691,0.61644256,12.028284,3.1407335,9.634964,4.703352,6.4368157,3.2751608,-12.3375845,11.034431,-11.569947,3.146749,2.8265224,-9.922405,-0.50790876,-18.455875,13.696318,-4.2426114,8.864327,-1.2706007,0.48016742,1.7762847,-13.601304,14.730018,-10.915764,-10.972853,9.578528,3.961104,5.0902023,-6.073414,2.9937215,9.66098,-0.6799917,-6.8630376,-7.2785044,6.065804
7.4067307,0.8514493,18.591589,-18.964245,5.9748516,-2.365138,-6.1814685,-14.298437,-1.1937033,-4.363263,5.1942077,-9.346214,3.2125778,1.8544698,-5.9629393,0.73652667,-19.829103,-25.76731,7.13402,17.706625,4.6895323,-10.187005,5.4877496,1.0355797,11.868475,-7.6681643,10.578037,-17.36377,0.53441983,13.758484,-15.439591,-5.4115505,106.24253,3.9137607,-3.5834281,12.416708,-0.117401466,9.911985,-10.416426,-22.34896,18.680801,-14.2179985,1.6568999,3.3799899,4.137508,-5.8836036,-5.916845,8.132464,14.514125,-9.269519,7.8399944,-7.6687584,2.4938226,3.4502962,-4.8171663,-3.3999622,-28.637707,-13.472685,-18.901157,-8.489713,-15.794276,1.8034772,16.343605,3.4966588,2.6761224,9.724222,16.261282,7.819593,-12.54395,31.416758,15.136407,5.516907,12.639519,-1.4413997,2.5567088,6.23379,-2.0812397,16.044193,9.061642,-4.953399,16.036448,2.7035644,-10.522704,0.27563158,21.695263,8.644239,17.112904,15.025421,5.500234,20.202826,24.901083,-10.168955,-2.8746712,-7.5049,3.0286367,1.4958073,-11.617764,6.9904294,10.161938,-5.1949835
0.044187043,4.6161203,-2.4759092,-0.967645,5.866742,11.127944,-25.472736,0.3354274,-9.672402,12.885321,11.826007,0.773946,1.7082195,-0.97943044,-3.6636662,-0.13423549,-6.010899,10.735389,0.26792225,11.567721,-13.119326,15.519157,5.263499,11.694693,4.7292056,-0.8348505,1.6516131,-14.237078,-4.302204,5.2058315,6.071733,-5.4639378,3.9137607,86.05129,3.5722554,2.986424,-7.86938,-7.9585977,-10.093524,4.4162965,5.682835,1.3086847,-5.103292,6.0441647,5.6387253,1.9857144,-3.6890092,8.23546,-8.478182,-6.8970284,0.14295366,-15.267556,-11.321886,2.824939,7.2218895,1.756309,19.52701,-9.127456,6.858296,6.4845967,-11.651695,-8.067117,13.588928,3.2654374,17.63233,0.39640325,7.717859,2.1841128,-9.965899,-1.1646957,-4.5638595,19.051165,4.851575,-4.4406824,8.623871,-8.756079,4.88347,-2.7090137,-1.2029543,16.805313,-1.9315584,-3.6945553,-2.6819022,9.214933,4.798491,10.650541,-0.825971,-9.544849,11.504795,-2.0443635,6.101948,6.0756507,-3.9548666,-11.124025,-0.66001576,9.569951,-8.971868,12.300955,-4.417429,7.3836174
-10.520768,-9.806527,-4.7595363,-5.2648897,7.1836524,6.9991736,8.74546,2.6753623,1.6394083,-3.5157843,-5.3265452,8.843757,-13.99722,-14.260291,6.338245,8.457163,4.7593904,8.769526,-25.668127,-8.690958,-17.723879,9.109357,-2.5028245,1.1716695,-1.6796244,-2.3619025,-3.7970753,-3.5491798,21.275316,-1.583055,8.937935,-1.8069525,-3.5834281,3.5722554,85.90211,-9.8217325,5.626057,-13.2891655,-1.2877791,-3.4690874,10.211387,0.4982827,0.25964376,-8.425207,-14.724417,-12.925765,5.9819965,7.8388076,2.1270697,-1.7982298,-10.633583,-14.74958,-7.7321243,6.43622,8.285305,7.837858,-0.9613945,-13.919949,-4.6861567,1.3070031,4.008243,0.2834381,-10.078582,-3.189149,17.970428,-9.14993,5.560221,-1.6814795,9.541304,-1.2034202,23.218796,-15.865132,1.9204216,8.404023,-3.5271382,12.222233,-20.418531,-8.178634,-12.411636,-3.4864523,-0.16947041,9.25729,25.643332,-0.01336691,10.303094,-4.919216,-0.4322165,-7.1331406,7.650168,2.9271789,6.3413763,-12.514093,-6.214705,-4.9795485,-10.751141,6.234102,5.6430225,-10.407705,-5.4998674,6.681797
0.41693097,-12.531298,-0.031561498,-5.2397594,-0.07590482,11.6931,-11.919403,-5.635624,-0.32893163,14.23644,2.4776855,-1.7302456,-3.3232417,2.2459936,7.99057,-3.0056307,-0.55125487,15.699689,11.088527,8.210959,6.482208,-13.979125,4.991302,11.650721,12.923567,-3.2831154,-12.66269,12.436053,6.5154405,5.541071,2.6007237,2.5291374,12.416708,2.986424,-9.8217325,98.27072,4.115267,22.903978,-6.7373667,2.2386913,0.08405257,7.3828955,2.2272651,-1.4578975,8.714679,4.2858734,8.405101,4.5754375,0.3597098,-12.610084,3.2748542,7.8371243,-10.672641,5.0794945,7.178424,-7.998067,12.506259,8.997731,21.074764,1.281853,-8.527447,2.6463914,14.971431,-1.0108112,12.974863,-3.832707,6.4236326,4.8922687,-3.2772684,20.850334,-26.752678,15.726354,0.7712034,1.6582568,10.546556,-7.287157,-23.800081,4.7263637,1.3175377,5.1011705,-11.502079,-19.584518,4.583488,-6.514508,-8.492585,3.8449528,0.66618574,7.6373754,-1.7344515,4.127451,-0.71975017,-8.453847,-18.006855,7.5926933,10.477334,-4.281828,-5.0605326,-14.379811,-4.2851377,-4.1997185
3.0635767,-10.34858,8.736083,2.5051577,-3.0353208,-2.0437312,16.3021,-19.880394,0.75034124,6.617942,-10.506728,8.280392,-15.3579235,14.188049,-10.980778,17.617933,-3.5024133,8.184842,-7.168704,15.996213,1.5686718,0.6152736,-4.6826468,-11.415605,6.728665,7.329366,-7.7874994,2.2090676,-1.159284,-3.5363798,-5.440775,-1.8969527,-0.117401466,-7.86938,5.626057,4.115267,98.95521,-1.5031416,5.9600296,-9.195623,9.363309,-13.905829,8.1333275,5.1925592,-4.431178,9.26038,-3.5058029,-17.734787,-20.941866,-2.7004235,3.9261658,15.861429,-9.772556,-11.087393,-5.94341,-5.9019747,-7.351832,13.100178,4.656856,1.5556452,4.232412,12.598845,-12.213367,-8.149432,-4.491282,12.224562,-3.9859488,-5.291406,-7.8647923,-0.25144348,-0.6700341,6.8956327,-4.6643534,-0.5599806,8.39652,13.466701,-8.693883,7.4686947,-6.6834793,-1.3738726,-7.1263146,-19.859585,13.217492,1.8980378,-5.17025,-19.14787,5.393808,16.604725,6.2847767,15.571184,-9.944423,-29.788979,-23.69946,-14.965744,-0.87103575,-3.9272058,-4.3108115,-8.936422,-7.079221,1.7492995
19.012589,15.5887375,6.223813,8.53683,-0.8673113,9.672939,20.798706,-5.4915476,-9.294688,-11.586513,11.813819,-3.0581918,14.881744,10.422371,21.728283,-18.402887,0.21881199,-1.7094388,2.335102,-5.0153837,3.2132044,1.7049495,-3.6315525,8.435385,-14.93837,21.479576,-5.6341863,-6.725681,0.9390656,3.924776,8.3618,4.8994675,9.911985,-7.9585977,-13.2891655,22.903978,-1.5031416,107.35755,19.953466,-16.963417,-0.24242508,14.614782,10.302111,-0.8741383,19.679222,-0.5331776,3.4863567,20.71713,8.9694,4.056106,-4.516668,5.76903,-2.3462038,-9.507386,-5.0508766,-1.1716802,12.220479,-1.889099,12.765797,17.426079,1.4276884,2.0920384,28.639427,-12.241346,2.749247,-15.397741,4.9072003,5.8442187,7.1895947,-3.5091658,-10.337539,20.140804,8.252015,6.474092,-12.632613,-14.937302,-0.37174252,0.74725115,-7.13367,2.262752,5.5364785,-6.834152,-4.8976808,-19.827742,-18.776644,10.411723,1.2115076,-1.2483611,2.628101,-17.151737,-3.3785052,4.4766326,-7.2073283,-15.999871,-7.5541015,17.337704,5.0073595,3.3905833,6.386487,2.1725407
16.694746,4.3099585,-17.747213,13.743226,18.44423,2.1410916,18.918877,3.823822,-0.4621804,9.072171,-3.4131687,0.7477985,7.684869,5.2126837,4.1743264,9.885383,3.1613047,-0.456618,-1.298047,-1.0034628,5.836295,-7.205429,12.53958,1.9130158,-18.348139,6.178526,6.1546597,-7.296512,10.02132,-12.605041,4.8068056,0.58961695,-10.416426,-10.093524,-1.2877791,-6.7373667,5.9600296,19.953466,86.61282,-5.9029913,-1.484084,-2.2450862,5.0005436,-22.125101,-5.2054524,5.821048,-13.356945,-1.4959977,-7.2338095,28.79819,1.1836313,4.8079157,1.5998894,-16.340033,-14.867315,-10.112927,-8.278631,12.183032,0.305617,7.435334,9.252985,-6.693232,-3.2451818,-9.325556,-12.968371,-6.179024,3.9403253,6.873804,-1.6161435,-17.246454,4.1477447,-5.171136,-7.1133184,14.583119,6.375765,-16.186642,-0.9707885,-13.592523,7.6805825,2.2722561,-3.8416915,-4.9969344,1.693262,-6.9203734,-11.61713,1.8751783,-1.5195805,-6.516172,10.905804,-4.016028,-0.25538942,-9.1775465,-7.499956,2.6285543,-7.400339,-7.199871,-15.934043,-8.723145,-7.088825,1.8423593
